2400
(
    (-0.04127215781 0.6395272415 0.0005)
    (-0.04127215781 0.6395272415 -0.0005)
    (-0.04188189747 0.639483933 0.0005)
    (-0.04188189747 0.639483933 -0.0005)
    (-0.04249163714 0.6394406245 0.0005)
    (-0.04249163714 0.6394406245 -0.0005)
    (-0.04310137681 0.639397316 0.0005)
    (-0.04310137681 0.639397316 -0.0005)
    (-0.04371111647 0.6393540076 0.0005)
    (-0.04371111647 0.6393540076 -0.0005)
    (-0.04432085613 0.6393106991 0.0005)
    (-0.04432085613 0.6393106991 -0.0005)
    (-0.0449305958 0.6392673906 0.0005)
    (-0.0449305958 0.6392673906 -0.0005)
    (-0.04554033546 0.6392240821 0.0005)
    (-0.04554033546 0.6392240821 -0.0005)
    (-0.04615007513 0.6391807736 0.0005)
    (-0.04615007513 0.6391807736 -0.0005)
    (-0.04675981479 0.6391374651 0.0005)
    (-0.04675981479 0.6391374651 -0.0005)
    (-0.04736955445 0.6390941567 0.0005)
    (-0.04736955445 0.6390941567 -0.0005)
    (-0.04797929412 0.6390508482 0.0005)
    (-0.04797929412 0.6390508482 -0.0005)
    (-0.04858903378 0.6390075397 0.0005)
    (-0.04858903378 0.6390075397 -0.0005)
    (-0.04919877345 0.6389642312 0.0005)
    (-0.04919877345 0.6389642312 -0.0005)
    (-0.04980851311 0.6389209227 0.0005)
    (-0.04980851311 0.6389209227 -0.0005)
    (-0.05041825277 0.6388776141 0.0005)
    (-0.05041825277 0.6388776141 -0.0005)
    (-0.05102799244 0.6388343056 0.0005)
    (-0.05102799244 0.6388343056 -0.0005)
    (-0.05163772435 0.6387908889 0.0005)
    (-0.05163772435 0.6387908889 -0.0005)
    (-0.05224743388 0.6387471593 0.0005)
    (-0.05224743388 0.6387471593 -0.0005)
    (-0.05285712877 0.6387032249 0.0005)
    (-0.05285712877 0.6387032249 -0.0005)
    (-0.05346682367 0.6386592905 0.0005)
    (-0.05346682367 0.6386592905 -0.0005)
    (-0.05407651855 0.6386153562 0.0005)
    (-0.05407651855 0.6386153562 -0.0005)
    (-0.05468621344 0.638571422 0.0005)
    (-0.05468621344 0.638571422 -0.0005)
    (-0.05529590833 0.6385274876 0.0005)
    (-0.05529590833 0.6385274876 -0.0005)
    (-0.05590560322 0.6384835532 0.0005)
    (-0.05590560322 0.6384835532 -0.0005)
    (-0.05651529811 0.638439619 0.0005)
    (-0.05651529811 0.638439619 -0.0005)
    (-0.05712499299 0.6383956846 0.0005)
    (-0.05712499299 0.6383956846 -0.0005)
    (-0.05773468788 0.6383517503 0.0005)
    (-0.05773468788 0.6383517503 -0.0005)
    (-0.05834438278 0.6383078159 0.0005)
    (-0.05834438278 0.6383078159 -0.0005)
    (-0.05895404415 0.6382634269 0.0005)
    (-0.05895404415 0.6382634269 -0.0005)
    (-0.05956363171 0.6382180364 0.0005)
    (-0.05956363171 0.6382180364 -0.0005)
    (-0.06017317897 0.6381720993 0.0005)
    (-0.06017317897 0.6381720993 -0.0005)
    (-0.06078272623 0.6381261622 0.0005)
    (-0.06078272623 0.6381261622 -0.0005)
    (-0.06139227349 0.638080225 0.0005)
    (-0.06139227349 0.638080225 -0.0005)
    (-0.06200182075 0.6380342879 0.0005)
    (-0.06200182075 0.6380342879 -0.0005)
    (-0.06261136801 0.6379883508 0.0005)
    (-0.06261136801 0.6379883508 -0.0005)
    (-0.06322091527 0.6379424137 0.0005)
    (-0.06322091527 0.6379424137 -0.0005)
    (-0.06383046253 0.6378964765 0.0005)
    (-0.06383046253 0.6378964765 -0.0005)
    (-0.06444000979 0.6378505394 0.0005)
    (-0.06444000979 0.6378505394 -0.0005)
    (-0.06504955705 0.6378046023 0.0005)
    (-0.06504955705 0.6378046023 -0.0005)
    (-0.06565910431 0.6377586652 0.0005)
    (-0.06565910431 0.6377586652 -0.0005)
    (-0.06626865157 0.637712728 0.0005)
    (-0.06626865157 0.637712728 -0.0005)
    (-0.06687819883 0.6376667909 0.0005)
    (-0.06687819883 0.6376667909 -0.0005)
    (-0.06748774609 0.6376208537 0.0005)
    (-0.06748774609 0.6376208537 -0.0005)
    (-0.06809729336 0.6375749166 0.0005)
    (-0.06809729336 0.6375749166 -0.0005)
    (-0.06870684062 0.6375289795 0.0005)
    (-0.06870684062 0.6375289795 -0.0005)
    (-0.06931638788 0.6374830423 0.0005)
    (-0.06931638788 0.6374830423 -0.0005)
    (-0.06992593514 0.6374371052 0.0005)
    (-0.06992593514 0.6374371052 -0.0005)
    (-0.0705354824 0.6373911681 0.0005)
    (-0.0705354824 0.6373911681 -0.0005)
    (-0.07114502966 0.637345231 0.0005)
    (-0.07114502966 0.637345231 -0.0005)
    (-0.07175457692 0.6372992938 0.0005)
    (-0.07175457692 0.6372992938 -0.0005)
    (-0.07236412418 0.6372533567 0.0005)
    (-0.07236412418 0.6372533567 -0.0005)
    (-0.07297367144 0.6372074195 0.0005)
    (-0.07297367144 0.6372074195 -0.0005)
    (-0.07358305294 0.6371594162 0.0005)
    (-0.07358305294 0.6371594162 -0.0005)
    (-0.07419219838 0.6371084701 0.0005)
    (-0.07419219838 0.6371084701 -0.0005)
    (-0.0748012735 0.6370566475 0.0005)
    (-0.0748012735 0.6370566475 -0.0005)
    (-0.07541034862 0.6370048249 0.0005)
    (-0.07541034862 0.6370048249 -0.0005)
    (-0.07601942375 0.6369530025 0.0005)
    (-0.07601942375 0.6369530025 -0.0005)
    (-0.07662849887 0.6369011799 0.0005)
    (-0.07662849887 0.6369011799 -0.0005)
    (-0.07723757401 0.6368493574 0.0005)
    (-0.07723757401 0.6368493574 -0.0005)
    (-0.07784664913 0.6367975349 0.0005)
    (-0.07784664913 0.6367975349 -0.0005)
    (-0.07845572425 0.6367457123 0.0005)
    (-0.07845572425 0.6367457123 -0.0005)
    (-0.07906479938 0.6366938899 0.0005)
    (-0.07906479938 0.6366938899 -0.0005)
    (-0.0796738745 0.6366420674 0.0005)
    (-0.0796738745 0.6366420674 -0.0005)
    (-0.08028294964 0.6365902448 0.0005)
    (-0.08028294964 0.6365902448 -0.0005)
    (-0.08089202476 0.6365384222 0.0005)
    (-0.08089202476 0.6365384222 -0.0005)
    (-0.08150109988 0.6364865997 0.0005)
    (-0.08150109988 0.6364865997 -0.0005)
    (-0.08211017501 0.6364347773 0.0005)
    (-0.08211017501 0.6364347773 -0.0005)
    (-0.08271925014 0.6363829547 0.0005)
    (-0.08271925014 0.6363829547 -0.0005)
    (-0.08332832527 0.6363311322 0.0005)
    (-0.08332832527 0.6363311322 -0.0005)
    (-0.08393740039 0.6362793097 0.0005)
    (-0.08393740039 0.6362793097 -0.0005)
    (-0.08454647551 0.6362274871 0.0005)
    (-0.08454647551 0.6362274871 -0.0005)
    (-0.08515555064 0.6361756646 0.0005)
    (-0.08515555064 0.6361756646 -0.0005)
    (-0.08576462577 0.6361238421 0.0005)
    (-0.08576462577 0.6361238421 -0.0005)
    (-0.0863737009 0.6360720196 0.0005)
    (-0.0863737009 0.6360720196 -0.0005)
    (-0.08698277602 0.636020197 0.0005)
    (-0.08698277602 0.636020197 -0.0005)
    (-0.08759185114 0.6359683745 0.0005)
    (-0.08759185114 0.6359683745 -0.0005)
    (-0.08820088709 0.6359160992 0.0005)
    (-0.08820088709 0.6359160992 -0.0005)
    (-0.08880984741 0.6358629499 0.0005)
    (-0.08880984741 0.6358629499 -0.0005)
    (-0.08941877129 0.6358093795 0.0005)
    (-0.08941877129 0.6358093795 -0.0005)
    (-0.09002769517 0.6357558089 0.0005)
    (-0.09002769517 0.6357558089 -0.0005)
    (-0.09063661905 0.6357022385 0.0005)
    (-0.09063661905 0.6357022385 -0.0005)
    (-0.09124554293 0.635648668 0.0005)
    (-0.09124554293 0.635648668 -0.0005)
    (-0.0918544668 0.6355950976 0.0005)
    (-0.0918544668 0.6355950976 -0.0005)
    (-0.09246339068 0.6355415272 0.0005)
    (-0.09246339068 0.6355415272 -0.0005)
    (-0.09307231456 0.6354879567 0.0005)
    (-0.09307231456 0.6354879567 -0.0005)
    (-0.09368123844 0.6354343863 0.0005)
    (-0.09368123844 0.6354343863 -0.0005)
    (-0.09429016232 0.6353808158 0.0005)
    (-0.09429016232 0.6353808158 -0.0005)
    (-0.09489908619 0.6353272453 0.0005)
    (-0.09489908619 0.6353272453 -0.0005)
    (-0.09550801007 0.6352736749 0.0005)
    (-0.09550801007 0.6352736749 -0.0005)
    (-0.09611693395 0.6352201044 0.0005)
    (-0.09611693395 0.6352201044 -0.0005)
    (-0.09672585783 0.635166534 0.0005)
    (-0.09672585783 0.635166534 -0.0005)
    (-0.09733478171 0.6351129635 0.0005)
    (-0.09733478171 0.6351129635 -0.0005)
    (-0.09794370558 0.6350593931 0.0005)
    (-0.09794370558 0.6350593931 -0.0005)
    (-0.09855262946 0.6350058226 0.0005)
    (-0.09855262946 0.6350058226 -0.0005)
    (-0.09916155334 0.6349522521 0.0005)
    (-0.09916155334 0.6349522521 -0.0005)
    (-0.09977047724 0.6348986817 0.0005)
    (-0.09977047724 0.6348986817 -0.0005)
    (-0.1003794011 0.6348451112 0.0005)
    (-0.1003794011 0.6348451112 -0.0005)
    (-0.1009883249 0.6347915408 0.0005)
    (-0.1009883249 0.6347915408 -0.0005)
    (-0.1015971367 0.6347367508 0.0005)
    (-0.1015971367 0.6347367508 -0.0005)
    (-0.1022057257 0.6346795403 0.0005)
    (-0.1022057257 0.6346795403 -0.0005)
    (-0.1028142043 0.6346211291 0.0005)
    (-0.1028142043 0.6346211291 -0.0005)
    (-0.1034226829 0.6345627179 0.0005)
    (-0.1034226829 0.6345627179 -0.0005)
    (-0.1040311616 0.6345043068 0.0005)
    (-0.1040311616 0.6345043068 -0.0005)
    (-0.1046396402 0.6344458956 0.0005)
    (-0.1046396402 0.6344458956 -0.0005)
    (-0.1052481188 0.6343874844 0.0005)
    (-0.1052481188 0.6343874844 -0.0005)
    (-0.1058565974 0.6343290732 0.0005)
    (-0.1058565974 0.6343290732 -0.0005)
    (-0.106465076 0.6342706621 0.0005)
    (-0.106465076 0.6342706621 -0.0005)
    (-0.1070735546 0.6342122509 0.0005)
    (-0.1070735546 0.6342122509 -0.0005)
    (-0.1076820332 0.6341538397 0.0005)
    (-0.1076820332 0.6341538397 -0.0005)
    (-0.1082905118 0.6340954286 0.0005)
    (-0.1082905118 0.6340954286 -0.0005)
    (-0.1088989904 0.6340370174 0.0005)
    (-0.1088989904 0.6340370174 -0.0005)
    (-0.109507469 0.6339786062 0.0005)
    (-0.109507469 0.6339786062 -0.0005)
    (-0.1101159477 0.633920195 0.0005)
    (-0.1101159477 0.633920195 -0.0005)
    (-0.1107244263 0.6338617838 0.0005)
    (-0.1107244263 0.6338617838 -0.0005)
    (-0.1113329049 0.6338033727 0.0005)
    (-0.1113329049 0.6338033727 -0.0005)
    (-0.1119413835 0.6337449615 0.0005)
    (-0.1119413835 0.6337449615 -0.0005)
    (-0.1125498621 0.6336865503 0.0005)
    (-0.1125498621 0.6336865503 -0.0005)
    (-0.1131583407 0.6336281392 0.0005)
    (-0.1131583407 0.6336281392 -0.0005)
    (-0.1137668193 0.633569728 0.0005)
    (-0.1137668193 0.633569728 -0.0005)
    (-0.1143752979 0.6335113168 0.0005)
    (-0.1143752979 0.6335113168 -0.0005)
    (-0.1149837765 0.6334529057 0.0005)
    (-0.1149837765 0.6334529057 -0.0005)
    (-0.1155922551 0.6333944945 0.0005)
    (-0.1155922551 0.6333944945 -0.0005)
    (-0.1162007208 0.6333359516 0.0005)
    (-0.1162007208 0.6333359516 -0.0005)
    (-0.1168090712 0.6332762312 0.0005)
    (-0.1168090712 0.6332762312 -0.0005)
    (-0.1174173192 0.6332154651 0.0005)
    (-0.1174173192 0.6332154651 -0.0005)
    (-0.1180255671 0.633154699 0.0005)
    (-0.1180255671 0.633154699 -0.0005)
    (-0.118633815 0.633093933 0.0005)
    (-0.118633815 0.633093933 -0.0005)
    (-0.119242063 0.633033167 0.0005)
    (-0.119242063 0.633033167 -0.0005)
    (-0.1198503109 0.6329724008 0.0005)
    (-0.1198503109 0.6329724008 -0.0005)
    (-0.1204585589 0.6329116348 0.0005)
    (-0.1204585589 0.6329116348 -0.0005)
    (-0.1210668068 0.6328508686 0.0005)
    (-0.1210668068 0.6328508686 -0.0005)
    (-0.1216750548 0.6327901026 0.0005)
    (-0.1216750548 0.6327901026 -0.0005)
    (-0.1222833028 0.6327293364 0.0005)
    (-0.1222833028 0.6327293364 -0.0005)
    (-0.1228915507 0.6326685704 0.0005)
    (-0.1228915507 0.6326685704 -0.0005)
    (-0.1234997987 0.6326078043 0.0005)
    (-0.1234997987 0.6326078043 -0.0005)
    (-0.1241080466 0.6325470382 0.0005)
    (-0.1241080466 0.6325470382 -0.0005)
    (-0.1247162945 0.6324862721 0.0005)
    (-0.1247162945 0.6324862721 -0.0005)
    (-0.1253245425 0.632425506 0.0005)
    (-0.1253245425 0.632425506 -0.0005)
    (-0.1259327904 0.6323647399 0.0005)
    (-0.1259327904 0.6323647399 -0.0005)
    (-0.1265410384 0.6323039739 0.0005)
    (-0.1265410384 0.6323039739 -0.0005)
    (-0.1271492864 0.6322432077 0.0005)
    (-0.1271492864 0.6322432077 -0.0005)
    (-0.1277575342 0.6321824416 0.0005)
    (-0.1277575342 0.6321824416 -0.0005)
    (-0.1283657822 0.6321216755 0.0005)
    (-0.1283657822 0.6321216755 -0.0005)
    (-0.1289740301 0.6320609094 0.0005)
    (-0.1289740301 0.6320609094 -0.0005)
    (-0.1295822781 0.6320001433 0.0005)
    (-0.1295822781 0.6320001433 -0.0005)
    (-0.1301904923 0.6319390532 0.0005)
    (-0.1301904923 0.6319390532 -0.0005)
    (-0.1307984504 0.6318754994 0.0005)
    (-0.1307984504 0.6318754994 -0.0005)
    (-0.131406186 0.6318098062 0.0005)
    (-0.131406186 0.6318098062 -0.0005)
    (-0.1320139215 0.631744113 0.0005)
    (-0.1320139215 0.631744113 -0.0005)
    (-0.132621657 0.6316784198 0.0005)
    (-0.132621657 0.6316784198 -0.0005)
    (-0.1332293925 0.6316127265 0.0005)
    (-0.1332293925 0.6316127265 -0.0005)
    (-0.1338371281 0.6315470332 0.0005)
    (-0.1338371281 0.6315470332 -0.0005)
    (-0.1344448636 0.63148134 0.0005)
    (-0.1344448636 0.63148134 -0.0005)
    (-0.1350525992 0.6314156468 0.0005)
    (-0.1350525992 0.6314156468 -0.0005)
    (-0.1356603346 0.6313499536 0.0005)
    (-0.1356603346 0.6313499536 -0.0005)
    (-0.1362680702 0.6312842603 0.0005)
    (-0.1362680702 0.6312842603 -0.0005)
    (-0.1368758057 0.6312185671 0.0005)
    (-0.1368758057 0.6312185671 -0.0005)
    (-0.1374624683 0.6311551517 0.0005)
    (-0.1374624683 0.6311551517 -0.0005)
    (-0.138028058 0.6310940143 0.0005)
    (-0.138028058 0.6310940143 -0.0005)
    (-0.1385936476 0.6310328767 0.0005)
    (-0.1385936476 0.6310328767 -0.0005)
    (-0.1391592372 0.6309717393 0.0005)
    (-0.1391592372 0.6309717393 -0.0005)
    (-0.1397248268 0.6309106018 0.0005)
    (-0.1397248268 0.6309106018 -0.0005)
    (-0.1402904165 0.6308494643 0.0005)
    (-0.1402904165 0.6308494643 -0.0005)
    (-0.1408560061 0.6307883269 0.0005)
    (-0.1408560061 0.6307883269 -0.0005)
    (-0.1414215957 0.6307271894 0.0005)
    (-0.1414215957 0.6307271894 -0.0005)
    (-0.1419871854 0.6306660519 0.0005)
    (-0.1419871854 0.6306660519 -0.0005)
    (-0.142552775 0.6306049144 0.0005)
    (-0.142552775 0.6306049144 -0.0005)
    (-0.1431183646 0.630543777 0.0005)
    (-0.1431183646 0.630543777 -0.0005)
    (-0.1436839542 0.6304826396 0.0005)
    (-0.1436839542 0.6304826396 -0.0005)
    (-0.1442495439 0.630421502 0.0005)
    (-0.1442495439 0.630421502 -0.0005)
    (-0.144815046 0.630359567 0.0005)
    (-0.144815046 0.630359567 -0.0005)
    (-0.1453804502 0.6302967388 0.0005)
    (-0.1453804502 0.6302967388 -0.0005)
    (-0.1459458438 0.6302338149 0.0005)
    (-0.1459458438 0.6302338149 -0.0005)
    (-0.1465112374 0.630170891 0.0005)
    (-0.1465112374 0.630170891 -0.0005)
    (-0.1470766312 0.630107967 0.0005)
    (-0.1470766312 0.630107967 -0.0005)
    (-0.1476420248 0.6300450431 0.0005)
    (-0.1476420248 0.6300450431 -0.0005)
    (-0.1482074185 0.6299821192 0.0005)
    (-0.1482074185 0.6299821192 -0.0005)
    (-0.1487728121 0.6299191952 0.0005)
    (-0.1487728121 0.6299191952 -0.0005)
    (-0.1493382058 0.6298562713 0.0005)
    (-0.1493382058 0.6298562713 -0.0005)
    (-0.1499035995 0.6297933474 0.0005)
    (-0.1499035995 0.6297933474 -0.0005)
    (-0.1504689931 0.6297304234 0.0005)
    (-0.1504689931 0.6297304234 -0.0005)
    (-0.1510343868 0.6296674996 0.0005)
    (-0.1510343868 0.6296674996 -0.0005)
    (-0.1515997805 0.6296045756 0.0005)
    (-0.1515997805 0.6296045756 -0.0005)
    (-0.1521651741 0.6295416516 0.0005)
    (-0.1521651741 0.6295416516 -0.0005)
    (-0.1527305677 0.6294787278 0.0005)
    (-0.1527305677 0.6294787278 -0.0005)
    (-0.1532959615 0.6294158038 0.0005)
    (-0.1532959615 0.6294158038 -0.0005)
    (-0.1538613551 0.6293528798 0.0005)
    (-0.1538613551 0.6293528798 -0.0005)
    (-0.1544267488 0.6292899559 0.0005)
    (-0.1544267488 0.6292899559 -0.0005)
    (-0.1549921424 0.6292270319 0.0005)
    (-0.1549921424 0.6292270319 -0.0005)
    (-0.1555575361 0.6291641081 0.0005)
    (-0.1555575361 0.6291641081 -0.0005)
    (-0.1561229298 0.6291011841 0.0005)
    (-0.1561229298 0.6291011841 -0.0005)
    (-0.1566883234 0.6290382601 0.0005)
    (-0.1566883234 0.6290382601 -0.0005)
    (-0.1572536766 0.6289749837 0.0005)
    (-0.1572536766 0.6289749837 -0.0005)
    (-0.1578188118 0.628909806 0.0005)
    (-0.1578188118 0.628909806 -0.0005)
    (-0.1583837693 0.6288430796 0.0005)
    (-0.1583837693 0.6288430796 -0.0005)
    (-0.1589487268 0.6287763534 0.0005)
    (-0.1589487268 0.6287763534 -0.0005)
    (-0.1595136844 0.628709627 0.0005)
    (-0.1595136844 0.628709627 -0.0005)
    (-0.1600786419 0.6286429007 0.0005)
    (-0.1600786419 0.6286429007 -0.0005)
    (-0.1606435995 0.6285761744 0.0005)
    (-0.1606435995 0.6285761744 -0.0005)
    (-0.1612085569 0.628509448 0.0005)
    (-0.1612085569 0.628509448 -0.0005)
    (-0.1617735145 0.6284427217 0.0005)
    (-0.1617735145 0.6284427217 -0.0005)
    (-0.1623384721 0.6283759954 0.0005)
    (-0.1623384721 0.6283759954 -0.0005)
    (-0.1629034296 0.6283092691 0.0005)
    (-0.1629034296 0.6283092691 -0.0005)
    (-0.1634683871 0.6282425428 0.0005)
    (-0.1634683871 0.6282425428 -0.0005)
    (-0.1640333446 0.6281758164 0.0005)
    (-0.1640333446 0.6281758164 -0.0005)
    (-0.1645983022 0.6281090902 0.0005)
    (-0.1645983022 0.6281090902 -0.0005)
    (-0.1651632597 0.6280423638 0.0005)
    (-0.1651632597 0.6280423638 -0.0005)
    (-0.1657282173 0.6279756375 0.0005)
    (-0.1657282173 0.6279756375 -0.0005)
    (-0.1662931748 0.6279089112 0.0005)
    (-0.1662931748 0.6279089112 -0.0005)
    (-0.1668581323 0.6278421848 0.0005)
    (-0.1668581323 0.6278421848 -0.0005)
    (-0.1674230898 0.6277754585 0.0005)
    (-0.1674230898 0.6277754585 -0.0005)
    (-0.1679880474 0.6277087322 0.0005)
    (-0.1679880474 0.6277087322 -0.0005)
    (-0.1685530049 0.6276420059 0.0005)
    (-0.1685530049 0.6276420059 -0.0005)
    (-0.1691179624 0.6275752796 0.0005)
    (-0.1691179624 0.6275752796 -0.0005)
    (-0.16968292 0.6275085532 0.0005)
    (-0.16968292 0.6275085532 -0.0005)
    (-0.1702478775 0.6274418269 0.0005)
    (-0.1702478775 0.6274418269 -0.0005)
    (-0.170812835 0.6273751006 0.0005)
    (-0.170812835 0.6273751006 -0.0005)
    (-0.1713777512 0.6273080299 0.0005)
    (-0.1713777512 0.6273080299 -0.0005)
    (-0.1719425476 0.62723996 0.0005)
    (-0.1719425476 0.62723996 -0.0005)
    (-0.1725072656 0.6271712352 0.0005)
    (-0.1725072656 0.6271712352 -0.0005)
    (-0.1730719834 0.6271025103 0.0005)
    (-0.1730719834 0.6271025103 -0.0005)
    (-0.1736367014 0.6270337855 0.0005)
    (-0.1736367014 0.6270337855 -0.0005)
    (-0.1742014193 0.6269650607 0.0005)
    (-0.1742014193 0.6269650607 -0.0005)
    (-0.1747661372 0.6268963358 0.0005)
    (-0.1747661372 0.6268963358 -0.0005)
    (-0.1753308551 0.626827611 0.0005)
    (-0.1753308551 0.626827611 -0.0005)
    (-0.1758955731 0.6267588861 0.0005)
    (-0.1758955731 0.6267588861 -0.0005)
    (-0.1764602909 0.6266901613 0.0005)
    (-0.1764602909 0.6266901613 -0.0005)
    (-0.1770250088 0.6266214365 0.0005)
    (-0.1770250088 0.6266214365 -0.0005)
    (-0.1775897268 0.6265527117 0.0005)
    (-0.1775897268 0.6265527117 -0.0005)
    (-0.1781544446 0.6264839868 0.0005)
    (-0.1781544446 0.6264839868 -0.0005)
    (-0.1787191626 0.626415262 0.0005)
    (-0.1787191626 0.626415262 -0.0005)
    (-0.1792838804 0.6263465371 0.0005)
    (-0.1792838804 0.6263465371 -0.0005)
    (-0.1798485983 0.6262778123 0.0005)
    (-0.1798485983 0.6262778123 -0.0005)
    (-0.1804133162 0.6262090875 0.0005)
    (-0.1804133162 0.6262090875 -0.0005)
    (-0.1809780341 0.6261403627 0.0005)
    (-0.1809780341 0.6261403627 -0.0005)
    (-0.1815427521 0.6260716378 0.0005)
    (-0.1815427521 0.6260716378 -0.0005)
    (-0.18210747 0.626002913 0.0005)
    (-0.18210747 0.626002913 -0.0005)
    (-0.1826721879 0.6259341882 0.0005)
    (-0.1826721879 0.6259341882 -0.0005)
    (-0.1832369058 0.6258654633 0.0005)
    (-0.1832369058 0.6258654633 -0.0005)
    (-0.1838016236 0.6257967385 0.0005)
    (-0.1838016236 0.6257967385 -0.0005)
    (-0.1843662671 0.6257274196 0.0005)
    (-0.1843662671 0.6257274196 -0.0005)
    (-0.1849306537 0.6256560521 0.0005)
    (-0.1849306537 0.6256560521 -0.0005)
    (-0.1854948579 0.62558323 0.0005)
    (-0.1854948579 0.62558323 -0.0005)
    (-0.186059062 0.625510408 0.0005)
    (-0.186059062 0.625510408 -0.0005)
    (-0.1866232662 0.6254375858 0.0005)
    (-0.1866232662 0.6254375858 -0.0005)
    (-0.1871874704 0.6253647637 0.0005)
    (-0.1871874704 0.6253647637 -0.0005)
    (-0.1877516746 0.6252919417 0.0005)
    (-0.1877516746 0.6252919417 -0.0005)
    (-0.1883158788 0.6252191196 0.0005)
    (-0.1883158788 0.6252191196 -0.0005)
    (-0.188880083 0.6251462975 0.0005)
    (-0.188880083 0.6251462975 -0.0005)
    (-0.1894442871 0.6250734754 0.0005)
    (-0.1894442871 0.6250734754 -0.0005)
    (-0.1900084913 0.6250006533 0.0005)
    (-0.1900084913 0.6250006533 -0.0005)
    (-0.1905726955 0.6249278312 0.0005)
    (-0.1905726955 0.6249278312 -0.0005)
    (-0.1911368997 0.6248550092 0.0005)
    (-0.1911368997 0.6248550092 -0.0005)
    (-0.1917011039 0.6247821871 0.0005)
    (-0.1917011039 0.6247821871 -0.0005)
    (-0.1922653081 0.624709365 0.0005)
    (-0.1922653081 0.624709365 -0.0005)
    (-0.1928295122 0.6246365429 0.0005)
    (-0.1928295122 0.6246365429 -0.0005)
    (-0.1933937164 0.6245637209 0.0005)
    (-0.1933937164 0.6245637209 -0.0005)
    (-0.1939579206 0.6244908987 0.0005)
    (-0.1939579206 0.6244908987 -0.0005)
    (-0.1945221248 0.6244180767 0.0005)
    (-0.1945221248 0.6244180767 -0.0005)
    (-0.1950863289 0.6243452547 0.0005)
    (-0.1950863289 0.6243452547 -0.0005)
    (-0.1956505331 0.6242724325 0.0005)
    (-0.1956505331 0.6242724325 -0.0005)
    (-0.1962147373 0.6241996104 0.0005)
    (-0.1962147373 0.6241996104 -0.0005)
    (-0.1967789415 0.6241267884 0.0005)
    (-0.1967789415 0.6241267884 -0.0005)
    (-0.1973431457 0.6240539662 0.0005)
    (-0.1973431457 0.6240539662 -0.0005)
    (-0.1979073499 0.6239811442 0.0005)
    (-0.1979073499 0.6239811442 -0.0005)
    (-0.198471509 0.6239079777 0.0005)
    (-0.198471509 0.6239079777 -0.0005)
    (-0.1990355499 0.6238339063 0.0005)
    (-0.1990355499 0.6238339063 -0.0005)
    (-0.1995995175 0.6237592744 0.0005)
    (-0.1995995175 0.6237592744 -0.0005)
    (-0.2001634852 0.6236846424 0.0005)
    (-0.2001634852 0.6236846424 -0.0005)
    (-0.2007274528 0.6236100105 0.0005)
    (-0.2007274528 0.6236100105 -0.0005)
    (-0.2012914205 0.6235353786 0.0005)
    (-0.2012914205 0.6235353786 -0.0005)
    (-0.2018553881 0.6234607467 0.0005)
    (-0.2018553881 0.6234607467 -0.0005)
    (-0.2024193558 0.6233861148 0.0005)
    (-0.2024193558 0.6233861148 -0.0005)
    (-0.2029833234 0.6233114829 0.0005)
    (-0.2029833234 0.6233114829 -0.0005)
    (-0.203547291 0.6232368511 0.0005)
    (-0.203547291 0.6232368511 -0.0005)
    (-0.2041112586 0.6231622192 0.0005)
    (-0.2041112586 0.6231622192 -0.0005)
    (-0.2046752263 0.6230875873 0.0005)
    (-0.2046752263 0.6230875873 -0.0005)
    (-0.2052391939 0.6230129554 0.0005)
    (-0.2052391939 0.6230129554 -0.0005)
    (-0.2058031616 0.6229383234 0.0005)
    (-0.2058031616 0.6229383234 -0.0005)
    (-0.2063671292 0.6228636915 0.0005)
    (-0.2063671292 0.6228636915 -0.0005)
    (-0.2069310968 0.6227890596 0.0005)
    (-0.2069310968 0.6227890596 -0.0005)
    (-0.2074950645 0.6227144277 0.0005)
    (-0.2074950645 0.6227144277 -0.0005)
    (-0.2080590321 0.6226397958 0.0005)
    (-0.2080590321 0.6226397958 -0.0005)
    (-0.2086229998 0.622565164 0.0005)
    (-0.2086229998 0.622565164 -0.0005)
    (-0.2091869674 0.6224905321 0.0005)
    (-0.2091869674 0.6224905321 -0.0005)
    (-0.209750935 0.6224159002 0.0005)
    (-0.209750935 0.6224159002 -0.0005)
    (-0.2103149026 0.6223412683 0.0005)
    (-0.2103149026 0.6223412683 -0.0005)
    (-0.2108787709 0.6222659027 0.0005)
    (-0.2108787709 0.6222659027 -0.0005)
    (-0.2114424032 0.6221887955 0.0005)
    (-0.2114424032 0.6221887955 -0.0005)
    (-0.212005899 0.6221106805 0.0005)
    (-0.212005899 0.6221106805 -0.0005)
    (-0.2125693947 0.6220325654 0.0005)
    (-0.2125693947 0.6220325654 -0.0005)
    (-0.2131328904 0.6219544504 0.0005)
    (-0.2131328904 0.6219544504 -0.0005)
    (-0.2136963861 0.6218763353 0.0005)
    (-0.2136963861 0.6218763353 -0.0005)
    (-0.2142598819 0.6217982203 0.0005)
    (-0.2142598819 0.6217982203 -0.0005)
    (-0.2148233776 0.6217201052 0.0005)
    (-0.2148233776 0.6217201052 -0.0005)
    (-0.2153868734 0.6216419902 0.0005)
    (-0.2153868734 0.6216419902 -0.0005)
    (-0.2159503692 0.6215638752 0.0005)
    (-0.2159503692 0.6215638752 -0.0005)
    (-0.2165138649 0.6214857601 0.0005)
    (-0.2165138649 0.6214857601 -0.0005)
    (-0.2170773606 0.6214076451 0.0005)
    (-0.2170773606 0.6214076451 -0.0005)
    (-0.2176408563 0.62132953 0.0005)
    (-0.2176408563 0.62132953 -0.0005)
    (-0.2182043521 0.6212514149 0.0005)
    (-0.2182043521 0.6212514149 -0.0005)
    (-0.2187678478 0.6211732999 0.0005)
    (-0.2187678478 0.6211732999 -0.0005)
    (-0.2193313436 0.6210951848 0.0005)
    (-0.2193313436 0.6210951848 -0.0005)
    (-0.2198948394 0.6210170698 0.0005)
    (-0.2198948394 0.6210170698 -0.0005)
    (-0.2204583351 0.6209389547 0.0005)
    (-0.2204583351 0.6209389547 -0.0005)
    (-0.2210218308 0.6208608397 0.0005)
    (-0.2210218308 0.6208608397 -0.0005)
    (-0.2215853265 0.6207827246 0.0005)
    (-0.2215853265 0.6207827246 -0.0005)
    (-0.2221488223 0.6207046095 0.0005)
    (-0.2221488223 0.6207046095 -0.0005)
    (-0.2227123181 0.6206264944 0.0005)
    (-0.2227123181 0.6206264944 -0.0005)
    (-0.2232758138 0.6205483794 0.0005)
    (-0.2232758138 0.6205483794 -0.0005)
    (-0.2238393096 0.6204702643 0.0005)
    (-0.2238393096 0.6204702643 -0.0005)
    (-0.2244028053 0.6203921493 0.0005)
    (-0.2244028053 0.6203921493 -0.0005)
    (-0.224966301 0.6203140342 0.0005)
    (-0.224966301 0.6203140342 -0.0005)
    (-0.2255297967 0.6202359192 0.0005)
    (-0.2255297967 0.6202359192 -0.0005)
    (-0.2260932925 0.6201578041 0.0005)
    (-0.2260932925 0.6201578041 -0.0005)
    (-0.2266720556 0.6200762375 0.0005)
    (-0.2266720556 0.6200762375 -0.0005)
    (-0.2272660862 0.6199912191 0.0005)
    (-0.2272660862 0.6199912191 -0.0005)
    (-0.2278601168 0.6199062009 0.0005)
    (-0.2278601168 0.6199062009 -0.0005)
    (-0.2284541474 0.6198211826 0.0005)
    (-0.2284541474 0.6198211826 -0.0005)
    (-0.2290481779 0.6197361644 0.0005)
    (-0.2290481779 0.6197361644 -0.0005)
    (-0.2296422084 0.6196511461 0.0005)
    (-0.2296422084 0.6196511461 -0.0005)
    (-0.230236239 0.6195661278 0.0005)
    (-0.230236239 0.6195661278 -0.0005)
    (-0.2308302695 0.6194811095 0.0005)
    (-0.2308302695 0.6194811095 -0.0005)
    (-0.2314243001 0.6193960912 0.0005)
    (-0.2314243001 0.6193960912 -0.0005)
    (-0.2320183306 0.6193110728 0.0005)
    (-0.2320183306 0.6193110728 -0.0005)
    (-0.2326123612 0.6192260546 0.0005)
    (-0.2326123612 0.6192260546 -0.0005)
    (-0.2332063917 0.6191410363 0.0005)
    (-0.2332063917 0.6191410363 -0.0005)
    (-0.2338004223 0.619056018 0.0005)
    (-0.2338004223 0.619056018 -0.0005)
    (-0.2343944529 0.6189709998 0.0005)
    (-0.2343944529 0.6189709998 -0.0005)
    (-0.2349884835 0.6188859815 0.0005)
    (-0.2349884835 0.6188859815 -0.0005)
    (-0.235582514 0.6188009631 0.0005)
    (-0.235582514 0.6188009631 -0.0005)
    (-0.2361765446 0.6187159448 0.0005)
    (-0.2361765446 0.6187159448 -0.0005)
    (-0.2367705751 0.6186309266 0.0005)
    (-0.2367705751 0.6186309266 -0.0005)
    (-0.2373646057 0.6185459082 0.0005)
    (-0.2373646057 0.6185459082 -0.0005)
    (-0.2379584399 0.6184595433 0.0005)
    (-0.2379584399 0.6184595433 -0.0005)
    (-0.2385520499 0.6183716395 0.0005)
    (-0.2385520499 0.6183716395 -0.0005)
    (-0.2391456317 0.6182835435 0.0005)
    (-0.2391456317 0.6182835435 -0.0005)
    (-0.2397392137 0.6181954475 0.0005)
    (-0.2397392137 0.6181954475 -0.0005)
    (-0.2403327957 0.6181073515 0.0005)
    (-0.2403327957 0.6181073515 -0.0005)
    (-0.2409263776 0.6180192555 0.0005)
    (-0.2409263776 0.6180192555 -0.0005)
    (-0.2415199594 0.6179311595 0.0005)
    (-0.2415199594 0.6179311595 -0.0005)
    (-0.2421135414 0.6178430635 0.0005)
    (-0.2421135414 0.6178430635 -0.0005)
    (-0.2427071233 0.6177549674 0.0005)
    (-0.2427071233 0.6177549674 -0.0005)
    (-0.2433007053 0.6176668714 0.0005)
    (-0.2433007053 0.6176668714 -0.0005)
    (-0.2438942871 0.6175787754 0.0005)
    (-0.2438942871 0.6175787754 -0.0005)
    (-0.2444878691 0.6174906794 0.0005)
    (-0.2444878691 0.6174906794 -0.0005)
    (-0.2450814511 0.6174025834 0.0005)
    (-0.2450814511 0.6174025834 -0.0005)
    (-0.2456750329 0.6173144874 0.0005)
    (-0.2456750329 0.6173144874 -0.0005)
    (-0.2462686148 0.6172263914 0.0005)
    (-0.2462686148 0.6172263914 -0.0005)
    (-0.2468621968 0.6171382953 0.0005)
    (-0.2468621968 0.6171382953 -0.0005)
    (-0.2474557788 0.6170501993 0.0005)
    (-0.2474557788 0.6170501993 -0.0005)
    (-0.2480493606 0.6169621033 0.0005)
    (-0.2480493606 0.6169621033 -0.0005)
    (-0.2486429425 0.6168740073 0.0005)
    (-0.2486429425 0.6168740073 -0.0005)
    (-0.2492365245 0.6167859113 0.0005)
    (-0.2492365245 0.6167859113 -0.0005)
    (-0.2498301064 0.6166978153 0.0005)
    (-0.2498301064 0.6166978153 -0.0005)
    (-0.2504236884 0.6166097192 0.0005)
    (-0.2504236884 0.6166097192 -0.0005)
    (-0.2510172702 0.6165216232 0.0005)
    (-0.2510172702 0.6165216232 -0.0005)
    (-0.2516108522 0.6164335272 0.0005)
    (-0.2516108522 0.6164335272 -0.0005)
    (-0.2522044341 0.6163454312 0.0005)
    (-0.2522044341 0.6163454312 -0.0005)
    (-0.2527977863 0.6162558166 0.0005)
    (-0.2527977863 0.6162558166 -0.0005)
    (-0.253390888 0.6161645457 0.0005)
    (-0.253390888 0.6161645457 -0.0005)
    (-0.2539839688 0.616073137 0.0005)
    (-0.2539839688 0.616073137 -0.0005)
    (-0.2545770496 0.6159817282 0.0005)
    (-0.2545770496 0.6159817282 -0.0005)
    (-0.2551701304 0.6158903195 0.0005)
    (-0.2551701304 0.6158903195 -0.0005)
    (-0.2557632113 0.6157989107 0.0005)
    (-0.2557632113 0.6157989107 -0.0005)
    (-0.2563562921 0.6157075021 0.0005)
    (-0.2563562921 0.6157075021 -0.0005)
    (-0.2569493729 0.6156160934 0.0005)
    (-0.2569493729 0.6156160934 -0.0005)
    (-0.2575424537 0.6155246846 0.0005)
    (-0.2575424537 0.6155246846 -0.0005)
    (-0.2581355345 0.6154332758 0.0005)
    (-0.2581355345 0.6154332758 -0.0005)
    (-0.2587286154 0.6153418671 0.0005)
    (-0.2587286154 0.6153418671 -0.0005)
    (-0.2593216962 0.6152504584 0.0005)
    (-0.2593216962 0.6152504584 -0.0005)
    (-0.259914777 0.6151590496 0.0005)
    (-0.259914777 0.6151590496 -0.0005)
    (-0.2605078578 0.6150676409 0.0005)
    (-0.2605078578 0.6150676409 -0.0005)
    (-0.2611009386 0.6149762322 0.0005)
    (-0.2611009386 0.6149762322 -0.0005)
    (-0.2616940194 0.6148848235 0.0005)
    (-0.2616940194 0.6148848235 -0.0005)
    (-0.2622871003 0.6147934148 0.0005)
    (-0.2622871003 0.6147934148 -0.0005)
    (-0.2628801811 0.614702006 0.0005)
    (-0.2628801811 0.614702006 -0.0005)
    (-0.2634732619 0.6146105973 0.0005)
    (-0.2634732619 0.6146105973 -0.0005)
    (-0.2640663427 0.6145191886 0.0005)
    (-0.2640663427 0.6145191886 -0.0005)
    (-0.2646594235 0.6144277798 0.0005)
    (-0.2646594235 0.6144277798 -0.0005)
    (-0.2652524569 0.6143360681 0.0005)
    (-0.2652524569 0.6143360681 -0.0005)
    (-0.2658452937 0.6142430981 0.0005)
    (-0.2658452937 0.6142430981 -0.0005)
    (-0.2664379813 0.614149173 0.0005)
    (-0.2664379813 0.614149173 -0.0005)
    (-0.2670306688 0.6140552479 0.0005)
    (-0.2670306688 0.6140552479 -0.0005)
    (-0.2676233562 0.6139613227 0.0005)
    (-0.2676233562 0.6139613227 -0.0005)
    (-0.2682160437 0.6138673976 0.0005)
    (-0.2682160437 0.6138673976 -0.0005)
    (-0.2688087313 0.6137734725 0.0005)
    (-0.2688087313 0.6137734725 -0.0005)
    (-0.2694014188 0.6136795473 0.0005)
    (-0.2694014188 0.6136795473 -0.0005)
    (-0.2699941063 0.6135856222 0.0005)
    (-0.2699941063 0.6135856222 -0.0005)
    (-0.2705867937 0.613491697 0.0005)
    (-0.2705867937 0.613491697 -0.0005)
    (-0.2711794813 0.6133977719 0.0005)
    (-0.2711794813 0.6133977719 -0.0005)
    (-0.2717721688 0.6133038468 0.0005)
    (-0.2717721688 0.6133038468 -0.0005)
    (-0.2723648563 0.6132099216 0.0005)
    (-0.2723648563 0.6132099216 -0.0005)
    (-0.2729575439 0.6131159964 0.0005)
    (-0.2729575439 0.6131159964 -0.0005)
    (-0.2735502314 0.6130220713 0.0005)
    (-0.2735502314 0.6130220713 -0.0005)
    (-0.2741429189 0.6129281462 0.0005)
    (-0.2741429189 0.6129281462 -0.0005)
    (-0.2747356063 0.612834221 0.0005)
    (-0.2747356063 0.612834221 -0.0005)
    (-0.2753282939 0.6127402959 0.0005)
    (-0.2753282939 0.6127402959 -0.0005)
    (-0.2759209813 0.6126463707 0.0005)
    (-0.2759209813 0.6126463707 -0.0005)
    (-0.2765136689 0.6125524456 0.0005)
    (-0.2765136689 0.6125524456 -0.0005)
    (-0.2771063564 0.6124585204 0.0005)
    (-0.2771063564 0.6124585204 -0.0005)
    (-0.2776990438 0.6123645953 0.0005)
    (-0.2776990438 0.6123645953 -0.0005)
    (-0.2782917314 0.6122706702 0.0005)
    (-0.2782917314 0.6122706702 -0.0005)
    (-0.2788844189 0.612176745 0.0005)
    (-0.2788844189 0.612176745 -0.0005)
    (-0.2794771064 0.6120828199 0.0005)
    (-0.2794771064 0.6120828199 -0.0005)
    (-0.2800697285 0.6119884914 0.0005)
    (-0.2800697285 0.6119884914 -0.0005)
    (-0.2806620218 0.6118921329 0.0005)
    (-0.2806620218 0.6118921329 -0.0005)
    (-0.2812540517 0.6117941477 0.0005)
    (-0.2812540517 0.6117941477 -0.0005)
    (-0.2818460815 0.6116961625 0.0005)
    (-0.2818460815 0.6116961625 -0.0005)
    (-0.2824381113 0.6115981772 0.0005)
    (-0.2824381113 0.6115981772 -0.0005)
    (-0.2830301411 0.611500192 0.0005)
    (-0.2830301411 0.611500192 -0.0005)
    (-0.2836221709 0.6114022067 0.0005)
    (-0.2836221709 0.6114022067 -0.0005)
    (-0.2842142008 0.6113042215 0.0005)
    (-0.2842142008 0.6113042215 -0.0005)
    (-0.2848062306 0.6112062363 0.0005)
    (-0.2848062306 0.6112062363 -0.0005)
    (-0.2853982604 0.611108251 0.0005)
    (-0.2853982604 0.611108251 -0.0005)
    (-0.2859902902 0.6110102658 0.0005)
    (-0.2859902902 0.6110102658 -0.0005)
    (-0.28658232 0.6109122806 0.0005)
    (-0.28658232 0.6109122806 -0.0005)
    (-0.2871743498 0.6108142953 0.0005)
    (-0.2871743498 0.6108142953 -0.0005)
    (-0.2877663797 0.61071631 0.0005)
    (-0.2877663797 0.61071631 -0.0005)
    (-0.2883584095 0.6106183248 0.0005)
    (-0.2883584095 0.6106183248 -0.0005)
    (-0.2889504393 0.6105203396 0.0005)
    (-0.2889504393 0.6105203396 -0.0005)
    (-0.2895424691 0.6104223544 0.0005)
    (-0.2895424691 0.6104223544 -0.0005)
    (-0.2901344989 0.6103243691 0.0005)
    (-0.2901344989 0.6103243691 -0.0005)
    (-0.2907265287 0.6102263839 0.0005)
    (-0.2907265287 0.6102263839 -0.0005)
    (-0.2913185585 0.6101283987 0.0005)
    (-0.2913185585 0.6101283987 -0.0005)
    (-0.2919105883 0.6100304134 0.0005)
    (-0.2919105883 0.6100304134 -0.0005)
    (-0.2925025673 0.6099321224 0.0005)
    (-0.2925025673 0.6099321224 -0.0005)
    (-0.2930944443 0.6098332197 0.0005)
    (-0.2930944443 0.6098332197 -0.0005)
    (-0.2936862704 0.6097340114 0.0005)
    (-0.2936862704 0.6097340114 -0.0005)
    (-0.2942780964 0.609634803 0.0005)
    (-0.2942780964 0.609634803 -0.0005)
    (-0.2948699224 0.6095355946 0.0005)
    (-0.2948699224 0.6095355946 -0.0005)
    (-0.2954617485 0.6094363862 0.0005)
    (-0.2954617485 0.6094363862 -0.0005)
    (-0.2960535747 0.6093371778 0.0005)
    (-0.2960535747 0.6093371778 -0.0005)
    (-0.2966454007 0.6092379694 0.0005)
    (-0.2966454007 0.6092379694 -0.0005)
    (-0.2972372268 0.609138761 0.0005)
    (-0.2972372268 0.609138761 -0.0005)
    (-0.2978290528 0.6090395526 0.0005)
    (-0.2978290528 0.6090395526 -0.0005)
    (-0.298420879 0.6089403443 0.0005)
    (-0.298420879 0.6089403443 -0.0005)
    (-0.299012705 0.6088411359 0.0005)
    (-0.299012705 0.6088411359 -0.0005)
    (-0.2996045036 0.6087417654 0.0005)
    (-0.2996045036 0.6087417654 -0.0005)
    (-0.3001960965 0.6086411831 0.0005)
    (-0.3001960965 0.6086411831 -0.0005)
    (-0.3007875112 0.6085395511 0.0005)
    (-0.3007875112 0.6085395511 -0.0005)
    (-0.3013789259 0.6084379191 0.0005)
    (-0.3013789259 0.6084379191 -0.0005)
    (-0.3019703405 0.6083362871 0.0005)
    (-0.3019703405 0.6083362871 -0.0005)
    (-0.3025617553 0.6082346551 0.0005)
    (-0.3025617553 0.6082346551 -0.0005)
    (-0.3031531699 0.6081330231 0.0005)
    (-0.3031531699 0.6081330231 -0.0005)
    (-0.3037445846 0.6080313911 0.0005)
    (-0.3037445846 0.6080313911 -0.0005)
    (-0.3043359993 0.6079297591 0.0005)
    (-0.3043359993 0.6079297591 -0.0005)
    (-0.3049274141 0.6078281271 0.0005)
    (-0.3049274141 0.6078281271 -0.0005)
    (-0.3055188288 0.6077264951 0.0005)
    (-0.3055188288 0.6077264951 -0.0005)
    (-0.3061102434 0.6076248631 0.0005)
    (-0.3061102434 0.6076248631 -0.0005)
    (-0.3067016582 0.6075232311 0.0005)
    (-0.3067016582 0.6075232311 -0.0005)
    (-0.3072930729 0.6074215991 0.0005)
    (-0.3072930729 0.6074215991 -0.0005)
    (-0.3078844876 0.6073199671 0.0005)
    (-0.3078844876 0.6073199671 -0.0005)
    (-0.3084759022 0.6072183351 0.0005)
    (-0.3084759022 0.6072183351 -0.0005)
    (-0.309067317 0.6071167031 0.0005)
    (-0.309067317 0.6071167031 -0.0005)
    (-0.3096587317 0.6070150711 0.0005)
    (-0.3096587317 0.6070150711 -0.0005)
    (-0.3102501464 0.6069134392 0.0005)
    (-0.3102501464 0.6069134392 -0.0005)
    (-0.310841561 0.6068118072 0.0005)
    (-0.310841561 0.6068118072 -0.0005)
    (-0.3114329758 0.6067101752 0.0005)
    (-0.3114329758 0.6067101752 -0.0005)
    (-0.3120243905 0.6066085432 0.0005)
    (-0.3120243905 0.6066085432 -0.0005)
    (-0.3126157928 0.6065068406 0.0005)
    (-0.3126157928 0.6065068406 -0.0005)
    (-0.3132068618 0.6064032353 0.0005)
    (-0.3132068618 0.6064032353 -0.0005)
    (-0.31379761 0.6062977978 0.0005)
    (-0.31379761 0.6062977978 -0.0005)
    (-0.314388358 0.6061923602 0.0005)
    (-0.314388358 0.6061923602 -0.0005)
    (-0.3149791062 0.6060869226 0.0005)
    (-0.3149791062 0.6060869226 -0.0005)
    (-0.3155698543 0.605981485 0.0005)
    (-0.3155698543 0.605981485 -0.0005)
    (-0.3161606023 0.6058760475 0.0005)
    (-0.3161606023 0.6058760475 -0.0005)
    (-0.3167513504 0.6057706099 0.0005)
    (-0.3167513504 0.6057706099 -0.0005)
    (-0.3173420986 0.6056651723 0.0005)
    (-0.3173420986 0.6056651723 -0.0005)
    (-0.3179328467 0.6055597348 0.0005)
    (-0.3179328467 0.6055597348 -0.0005)
    (-0.3185235949 0.6054542972 0.0005)
    (-0.3185235949 0.6054542972 -0.0005)
    (-0.3191143429 0.6053488596 0.0005)
    (-0.3191143429 0.6053488596 -0.0005)
    (-0.3197050911 0.6052434221 0.0005)
    (-0.3197050911 0.6052434221 -0.0005)
    (-0.3203013419 0.6051370024 0.0005)
    (-0.3203013419 0.6051370024 -0.0005)
    (-0.3209030955 0.6050296005 0.0005)
    (-0.3209030955 0.6050296005 -0.0005)
    (-0.3215048492 0.6049221987 0.0005)
    (-0.3215048492 0.6049221987 -0.0005)
    (-0.3221066028 0.6048147968 0.0005)
    (-0.3221066028 0.6048147968 -0.0005)
    (-0.3227083564 0.604707395 0.0005)
    (-0.3227083564 0.604707395 -0.0005)
    (-0.32331011 0.6045999932 0.0005)
    (-0.32331011 0.6045999932 -0.0005)
    (-0.3239118637 0.6044925913 0.0005)
    (-0.3239118637 0.6044925913 -0.0005)
    (-0.3245136173 0.6043851895 0.0005)
    (-0.3245136173 0.6043851895 -0.0005)
    (-0.3251153709 0.6042777876 0.0005)
    (-0.3251153709 0.6042777876 -0.0005)
    (-0.3257171246 0.6041703858 0.0005)
    (-0.3257171246 0.6041703858 -0.0005)
    (-0.3263188782 0.604062984 0.0005)
    (-0.3263188782 0.604062984 -0.0005)
    (-0.3269206318 0.6039555821 0.0005)
    (-0.3269206318 0.6039555821 -0.0005)
    (-0.3275221753 0.603847023 0.0005)
    (-0.3275221753 0.603847023 -0.0005)
    (-0.3281233904 0.6037366556 0.0005)
    (-0.3281233904 0.6037366556 -0.0005)
    (-0.3287244873 0.603625637 0.0005)
    (-0.3287244873 0.603625637 -0.0005)
    (-0.3293255842 0.6035146184 0.0005)
    (-0.3293255842 0.6035146184 -0.0005)
    (-0.3299266811 0.6034035999 0.0005)
    (-0.3299266811 0.6034035999 -0.0005)
    (-0.3305277779 0.6032925814 0.0005)
    (-0.3305277779 0.6032925814 -0.0005)
    (-0.3311288748 0.6031815629 0.0005)
    (-0.3311288748 0.6031815629 -0.0005)
    (-0.3317299718 0.6030705443 0.0005)
    (-0.3317299718 0.6030705443 -0.0005)
    (-0.3323310687 0.6029595258 0.0005)
    (-0.3323310687 0.6029595258 -0.0005)
    (-0.3329321655 0.6028485072 0.0005)
    (-0.3329321655 0.6028485072 -0.0005)
    (-0.3335332625 0.6027374886 0.0005)
    (-0.3335332625 0.6027374886 -0.0005)
    (-0.3341343593 0.6026264701 0.0005)
    (-0.3341343593 0.6026264701 -0.0005)
    (-0.3347354561 0.6025154515 0.0005)
    (-0.3347354561 0.6025154515 -0.0005)
    (-0.335336553 0.602404433 0.0005)
    (-0.335336553 0.602404433 -0.0005)
    (-0.33593765 0.6022934145 0.0005)
    (-0.33593765 0.6022934145 -0.0005)
    (-0.3365387468 0.6021823959 0.0005)
    (-0.3365387468 0.6021823959 -0.0005)
    (-0.3371398438 0.6020713774 0.0005)
    (-0.3371398438 0.6020713774 -0.0005)
    (-0.3377409407 0.6019603588 0.0005)
    (-0.3377409407 0.6019603588 -0.0005)
    (-0.3383420375 0.6018493403 0.0005)
    (-0.3383420375 0.6018493403 -0.0005)
    (-0.3389431344 0.6017383217 0.0005)
    (-0.3389431344 0.6017383217 -0.0005)
    (-0.3395442312 0.6016273032 0.0005)
    (-0.3395442312 0.6016273032 -0.0005)
    (-0.3401452231 0.6015157215 0.0005)
    (-0.3401452231 0.6015157215 -0.0005)
    (-0.3407460104 0.6014030438 0.0005)
    (-0.3407460104 0.6014030438 -0.0005)
    (-0.3413466983 0.6012898333 0.0005)
    (-0.3413466983 0.6012898333 -0.0005)
    (-0.3419473862 0.6011766227 0.0005)
    (-0.3419473862 0.6011766227 -0.0005)
    (-0.3425480741 0.6010634122 0.0005)
    (-0.3425480741 0.6010634122 -0.0005)
    (-0.3431487621 0.6009502016 0.0005)
    (-0.3431487621 0.6009502016 -0.0005)
    (-0.34374945 0.600836991 0.0005)
    (-0.34374945 0.600836991 -0.0005)
    (-0.3443501379 0.6007237804 0.0005)
    (-0.3443501379 0.6007237804 -0.0005)
    (-0.3449508258 0.6006105699 0.0005)
    (-0.3449508258 0.6006105699 -0.0005)
    (-0.3455515137 0.6004973593 0.0005)
    (-0.3455515137 0.6004973593 -0.0005)
    (-0.3461522015 0.6003841487 0.0005)
    (-0.3461522015 0.6003841487 -0.0005)
    (-0.3467528894 0.6002709382 0.0005)
    (-0.3467528894 0.6002709382 -0.0005)
    (-0.3473535264 0.6001574598 0.0005)
    (-0.3473535264 0.6001574598 -0.0005)
    (-0.3479539768 0.600043 0.0005)
    (-0.3479539768 0.600043 -0.0005)
    (-0.3485542914 0.5999278268 0.0005)
    (-0.3485542914 0.5999278268 -0.0005)
    (-0.3491546061 0.5998126536 0.0005)
    (-0.3491546061 0.5998126536 -0.0005)
    (-0.3497549207 0.5996974804 0.0005)
    (-0.3497549207 0.5996974804 -0.0005)
    (-0.3503552354 0.5995823071 0.0005)
    (-0.3503552354 0.5995823071 -0.0005)
    (-0.3509555502 0.5994671339 0.0005)
    (-0.3509555502 0.5994671339 -0.0005)
    (-0.3515558648 0.5993519606 0.0005)
    (-0.3515558648 0.5993519606 -0.0005)
    (-0.3521561794 0.5992367874 0.0005)
    (-0.3521561794 0.5992367874 -0.0005)
    (-0.3527564941 0.5991216141 0.0005)
    (-0.3527564941 0.5991216141 -0.0005)
    (-0.3533568088 0.5990064409 0.0005)
    (-0.3533568088 0.5990064409 -0.0005)
    (-0.3539571235 0.5988912677 0.0005)
    (-0.3539571235 0.5988912677 -0.0005)
    (-0.3545574382 0.5987760945 0.0005)
    (-0.3545574382 0.5987760945 -0.0005)
    (-0.3551577529 0.5986609212 0.0005)
    (-0.3551577529 0.5986609212 -0.0005)
    (-0.3557580676 0.598545748 0.0005)
    (-0.3557580676 0.598545748 -0.0005)
    (-0.3563583822 0.5984305748 0.0005)
    (-0.3563583822 0.5984305748 -0.0005)
    (-0.3569586969 0.5983154015 0.0005)
    (-0.3569586969 0.5983154015 -0.0005)
    (-0.3575590116 0.5982002283 0.0005)
    (-0.3575590116 0.5982002283 -0.0005)
    (-0.3581593263 0.598085055 0.0005)
    (-0.3581593263 0.598085055 -0.0005)
    (-0.358759641 0.5979698818 0.0005)
    (-0.358759641 0.5979698818 -0.0005)
    (-0.3593599556 0.5978547086 0.0005)
    (-0.3593599556 0.5978547086 -0.0005)
    (-0.3599601989 0.5977391697 0.0005)
    (-0.3599601989 0.5977391697 -0.0005)
    (-0.3605600657 0.5976217021 0.0005)
    (-0.3605600657 0.5976217021 -0.0005)
    (-0.3611596274 0.597502671 0.0005)
    (-0.3611596274 0.597502671 -0.0005)
    (-0.3617591891 0.5973836399 0.0005)
    (-0.3617591891 0.5973836399 -0.0005)
    (-0.3623587508 0.5972646088 0.0005)
    (-0.3623587508 0.5972646088 -0.0005)
    (-0.3629583124 0.5971455778 0.0005)
    (-0.3629583124 0.5971455778 -0.0005)
    (-0.363557874 0.5970265467 0.0005)
    (-0.363557874 0.5970265467 -0.0005)
    (-0.3641574357 0.5969075156 0.0005)
    (-0.3641574357 0.5969075156 -0.0005)
    (-0.3647569974 0.5967884845 0.0005)
    (-0.3647569974 0.5967884845 -0.0005)
    (-0.365356559 0.5966694535 0.0005)
    (-0.365356559 0.5966694535 -0.0005)
    (-0.3659561207 0.5965504224 0.0005)
    (-0.3659561207 0.5965504224 -0.0005)
    (-0.3665556824 0.5964313913 0.0005)
    (-0.3665556824 0.5964313913 -0.0005)
    (-0.367155244 0.5963123602 0.0005)
    (-0.367155244 0.5963123602 -0.0005)
    (-0.3677548057 0.5961933291 0.0005)
    (-0.3677548057 0.5961933291 -0.0005)
    (-0.3683543674 0.5960742981 0.0005)
    (-0.3683543674 0.5960742981 -0.0005)
    (-0.368953929 0.595955267 0.0005)
    (-0.368953929 0.595955267 -0.0005)
    (-0.3695534907 0.5958362359 0.0005)
    (-0.3695534907 0.5958362359 -0.0005)
    (-0.3701530523 0.5957172048 0.0005)
    (-0.3701530523 0.5957172048 -0.0005)
    (-0.370752614 0.5955981738 0.0005)
    (-0.370752614 0.5955981738 -0.0005)
    (-0.3713521757 0.5954791427 0.0005)
    (-0.3713521757 0.5954791427 -0.0005)
    (-0.3719517373 0.5953601116 0.0005)
    (-0.3719517373 0.5953601116 -0.0005)
    (-0.372551299 0.5952410805 0.0005)
    (-0.372551299 0.5952410805 -0.0005)
    (-0.3731508607 0.5951220495 0.0005)
    (-0.3731508607 0.5951220495 -0.0005)
    (-0.3737504224 0.5950030184 0.0005)
    (-0.3737504224 0.5950030184 -0.0005)
    (-0.3743499459 0.5948837988 0.0005)
    (-0.3743499459 0.5948837988 -0.0005)
    (-0.3749490646 0.594762575 0.0005)
    (-0.3749490646 0.594762575 -0.0005)
    (-0.3755478165 0.5946395352 0.0005)
    (-0.3755478165 0.5946395352 -0.0005)
    (-0.3761465683 0.5945164955 0.0005)
    (-0.3761465683 0.5945164955 -0.0005)
    (-0.3767453203 0.5943934557 0.0005)
    (-0.3767453203 0.5943934557 -0.0005)
    (-0.3773440721 0.5942704159 0.0005)
    (-0.3773440721 0.5942704159 -0.0005)
    (-0.377942824 0.5941473761 0.0005)
    (-0.377942824 0.5941473761 -0.0005)
    (-0.3785415759 0.5940243363 0.0005)
    (-0.3785415759 0.5940243363 -0.0005)
    (-0.3791403277 0.5939012966 0.0005)
    (-0.3791403277 0.5939012966 -0.0005)
    (-0.3797390796 0.5937782568 0.0005)
    (-0.3797390796 0.5937782568 -0.0005)
    (-0.3803378314 0.593655217 0.0005)
    (-0.3803378314 0.593655217 -0.0005)
    (-0.3809365833 0.5935321772 0.0005)
    (-0.3809365833 0.5935321772 -0.0005)
    (-0.3815353351 0.5934091374 0.0005)
    (-0.3815353351 0.5934091374 -0.0005)
    (-0.382134087 0.5932860976 0.0005)
    (-0.382134087 0.5932860976 -0.0005)
    (-0.3827328389 0.5931630579 0.0005)
    (-0.3827328389 0.5931630579 -0.0005)
    (-0.3833315908 0.5930400181 0.0005)
    (-0.3833315908 0.5930400181 -0.0005)
    (-0.3839303427 0.5929169783 0.0005)
    (-0.3839303427 0.5929169783 -0.0005)
    (-0.3845290945 0.5927939385 0.0005)
    (-0.3845290945 0.5927939385 -0.0005)
    (-0.3851278463 0.5926708987 0.0005)
    (-0.3851278463 0.5926708987 -0.0005)
    (-0.3857265982 0.5925478589 0.0005)
    (-0.3857265982 0.5925478589 -0.0005)
    (-0.3863253501 0.5924248192 0.0005)
    (-0.3863253501 0.5924248192 -0.0005)
    (-0.386924102 0.5923017794 0.0005)
    (-0.386924102 0.5923017794 -0.0005)
    (-0.3875226554 0.5921777828 0.0005)
    (-0.3875226554 0.5921777828 -0.0005)
    (-0.388120978 0.5920526735 0.0005)
    (-0.388120978 0.5920526735 -0.0005)
    (-0.3887192682 0.5919274084 0.0005)
    (-0.3887192682 0.5919274084 -0.0005)
    (-0.3893175584 0.5918021433 0.0005)
    (-0.3893175584 0.5918021433 -0.0005)
    (-0.3899158487 0.5916768781 0.0005)
    (-0.3899158487 0.5916768781 -0.0005)
    (-0.390514139 0.591551613 0.0005)
    (-0.390514139 0.591551613 -0.0005)
    (-0.3911124293 0.5914263479 0.0005)
    (-0.3911124293 0.5914263479 -0.0005)
    (-0.3917107195 0.5913010828 0.0005)
    (-0.3917107195 0.5913010828 -0.0005)
    (-0.3923090097 0.5911758176 0.0005)
    (-0.3923090097 0.5911758176 -0.0005)
    (-0.3929073 0.5910505525 0.0005)
    (-0.3929073 0.5910505525 -0.0005)
    (-0.3935055903 0.5909252874 0.0005)
    (-0.3935055903 0.5909252874 -0.0005)
    (-0.394103798 0.5907996327 0.0005)
    (-0.394103798 0.5907996327 -0.0005)
    (-0.3947016977 0.5906725242 0.0005)
    (-0.3947016977 0.5906725242 -0.0005)
    (-0.3952993718 0.5905443515 0.0005)
    (-0.3952993718 0.5905443515 -0.0005)
    (-0.3958970458 0.5904161787 0.0005)
    (-0.3958970458 0.5904161787 -0.0005)
    (-0.3964947199 0.5902880059 0.0005)
    (-0.3964947199 0.5902880059 -0.0005)
    (-0.397092394 0.5901598331 0.0005)
    (-0.397092394 0.5901598331 -0.0005)
    (-0.3976900681 0.5900316604 0.0005)
    (-0.3976900681 0.5900316604 -0.0005)
    (-0.3982877422 0.5899034876 0.0005)
    (-0.3982877422 0.5899034876 -0.0005)
    (-0.3988854163 0.5897753148 0.0005)
    (-0.3988854163 0.5897753148 -0.0005)
    (-0.3994830904 0.5896471421 0.0005)
    (-0.3994830904 0.5896471421 -0.0005)
    (-0.4000807645 0.5895189693 0.0005)
    (-0.4000807645 0.5895189693 -0.0005)
    (-0.4006784386 0.5893907965 0.0005)
    (-0.4006784386 0.5893907965 -0.0005)
    (-0.4012761127 0.5892626237 0.0005)
    (-0.4012761127 0.5892626237 -0.0005)
    (-0.4018737868 0.589134451 0.0005)
    (-0.4018737868 0.589134451 -0.0005)
    (-0.4024714609 0.5890062782 0.0005)
    (-0.4024714609 0.5890062782 -0.0005)
    (-0.403069135 0.5888781054 0.0005)
    (-0.403069135 0.5888781054 -0.0005)
    (-0.4036668091 0.5887499326 0.0005)
    (-0.4036668091 0.5887499326 -0.0005)
    (-0.4042644832 0.5886217598 0.0005)
    (-0.4042644832 0.5886217598 -0.0005)
    (-0.4048621573 0.5884935871 0.0005)
    (-0.4048621573 0.5884935871 -0.0005)
    (-0.4054598314 0.5883654143 0.0005)
    (-0.4054598314 0.5883654143 -0.0005)
    (-0.4060575055 0.5882372415 0.0005)
    (-0.4060575055 0.5882372415 -0.0005)
    (-0.4066551796 0.5881090688 0.0005)
    (-0.4066551796 0.5881090688 -0.0005)
    (-0.4072528537 0.587980896 0.0005)
    (-0.4072528537 0.587980896 -0.0005)
    (-0.4078502969 0.5878516656 0.0005)
    (-0.4078502969 0.5878516656 -0.0005)
    (-0.4084472578 0.5877202264 0.0005)
    (-0.4084472578 0.5877202264 -0.0005)
    (-0.4090439675 0.5875876363 0.0005)
    (-0.4090439675 0.5875876363 -0.0005)
    (-0.4096406772 0.5874550463 0.0005)
    (-0.4096406772 0.5874550463 -0.0005)
    (-0.4102373868 0.5873224562 0.0005)
    (-0.4102373868 0.5873224562 -0.0005)
    (-0.4108340966 0.5871898661 0.0005)
    (-0.4108340966 0.5871898661 -0.0005)
    (-0.4114308063 0.587057276 0.0005)
    (-0.4114308063 0.587057276 -0.0005)
    (-0.4120275159 0.5869246859 0.0005)
    (-0.4120275159 0.5869246859 -0.0005)
    (-0.4126242256 0.5867920958 0.0005)
    (-0.4126242256 0.5867920958 -0.0005)
    (-0.4132209353 0.5866595057 0.0005)
    (-0.4132209353 0.5866595057 -0.0005)
    (-0.4138176449 0.5865269156 0.0005)
    (-0.4138176449 0.5865269156 -0.0005)
    (-0.4144143547 0.5863943255 0.0005)
    (-0.4144143547 0.5863943255 -0.0005)
    (-0.4150547925 0.5862510524 0.0005)
    (-0.4150547925 0.5862510524 -0.0005)
    (-0.4157389585 0.5860970963 0.0005)
    (-0.4157389585 0.5860970963 -0.0005)
    (-0.4164231245 0.5859431402 0.0005)
    (-0.4164231245 0.5859431402 -0.0005)
    (-0.4171072905 0.5857891842 0.0005)
    (-0.4171072905 0.5857891842 -0.0005)
    (-0.4177914565 0.5856352282 0.0005)
    (-0.4177914565 0.5856352282 -0.0005)
    (-0.4184756225 0.5854812722 0.0005)
    (-0.4184756225 0.5854812722 -0.0005)
    (-0.4191597885 0.5853273161 0.0005)
    (-0.4191597885 0.5853273161 -0.0005)
    (-0.4198439545 0.5851733601 0.0005)
    (-0.4198439545 0.5851733601 -0.0005)
    (-0.4205281205 0.585019404 0.0005)
    (-0.4205281205 0.585019404 -0.0005)
    (-0.4212122865 0.5848654479 0.0005)
    (-0.4212122865 0.5848654479 -0.0005)
    (-0.4218964525 0.5847114919 0.0005)
    (-0.4218964525 0.5847114919 -0.0005)
    (-0.4225806184 0.5845575359 0.0005)
    (-0.4225806184 0.5845575359 -0.0005)
    (-0.4232647844 0.5844035798 0.0005)
    (-0.4232647844 0.5844035798 -0.0005)
    (-0.4239489504 0.5842496238 0.0005)
    (-0.4239489504 0.5842496238 -0.0005)
    (-0.4246331164 0.5840956677 0.0005)
    (-0.4246331164 0.5840956677 -0.0005)
    (-0.4253172824 0.5839417117 0.0005)
    (-0.4253172824 0.5839417117 -0.0005)
    (-0.4260014484 0.5837877556 0.0005)
    (-0.4260014484 0.5837877556 -0.0005)
    (-0.4266856144 0.5836337996 0.0005)
    (-0.4266856144 0.5836337996 -0.0005)
    (-0.4273697804 0.5834798435 0.0005)
    (-0.4273697804 0.5834798435 -0.0005)
    (-0.4280539464 0.5833258875 0.0005)
    (-0.4280539464 0.5833258875 -0.0005)
    (-0.4287376993 0.5831701331 0.0005)
    (-0.4287376993 0.5831701331 -0.0005)
    (-0.4294207497 0.5830113209 0.0005)
    (-0.4294207497 0.5830113209 -0.0005)
    (-0.4301035107 0.5828512491 0.0005)
    (-0.4301035107 0.5828512491 -0.0005)
    (-0.4307862716 0.5826911773 0.0005)
    (-0.4307862716 0.5826911773 -0.0005)
    (-0.4314690326 0.5825311054 0.0005)
    (-0.4314690326 0.5825311054 -0.0005)
    (-0.4321517936 0.5823710335 0.0005)
    (-0.4321517936 0.5823710335 -0.0005)
    (-0.4328345546 0.5822109617 0.0005)
    (-0.4328345546 0.5822109617 -0.0005)
    (-0.4335173156 0.5820508899 0.0005)
    (-0.4335173156 0.5820508899 -0.0005)
    (-0.4342000766 0.581890818 0.0005)
    (-0.4342000766 0.581890818 -0.0005)
    (-0.4348828376 0.5817307462 0.0005)
    (-0.4348828376 0.5817307462 -0.0005)
    (-0.4355655986 0.5815706743 0.0005)
    (-0.4355655986 0.5815706743 -0.0005)
    (-0.4362483596 0.5814106025 0.0005)
    (-0.4362483596 0.5814106025 -0.0005)
    (-0.4369311206 0.5812505306 0.0005)
    (-0.4369311206 0.5812505306 -0.0005)
    (-0.4376138816 0.5810904588 0.0005)
    (-0.4376138816 0.5810904588 -0.0005)
    (-0.4382966426 0.5809303869 0.0005)
    (-0.4382966426 0.5809303869 -0.0005)
    (-0.4389794036 0.5807703151 0.0005)
    (-0.4389794036 0.5807703151 -0.0005)
    (-0.4396621646 0.5806102433 0.0005)
    (-0.4396621646 0.5806102433 -0.0005)
    (-0.4403449256 0.5804501714 0.0005)
    (-0.4403449256 0.5804501714 -0.0005)
    (-0.4410276866 0.5802900996 0.0005)
    (-0.4410276866 0.5802900996 -0.0005)
    (-0.4417104476 0.5801300277 0.0005)
    (-0.4417104476 0.5801300277 -0.0005)
    (-0.4423932086 0.5799699559 0.0005)
    (-0.4423932086 0.5799699559 -0.0005)
    (-0.4430759696 0.579809884 0.0005)
    (-0.4430759696 0.579809884 -0.0005)
    (-0.4437584364 0.5796485827 0.0005)
    (-0.4437584364 0.5796485827 -0.0005)
    (-0.4444401514 0.5794841401 0.0005)
    (-0.4444401514 0.5794841401 -0.0005)
    (-0.4451214089 0.5793177857 0.0005)
    (-0.4451214089 0.5793177857 -0.0005)
    (-0.4458026663 0.5791514312 0.0005)
    (-0.4458026663 0.5791514312 -0.0005)
    (-0.4464839238 0.5789850766 0.0005)
    (-0.4464839238 0.5789850766 -0.0005)
    (-0.4471651813 0.5788187222 0.0005)
    (-0.4471651813 0.5788187222 -0.0005)
    (-0.4478464387 0.5786523677 0.0005)
    (-0.4478464387 0.5786523677 -0.0005)
    (-0.4485276962 0.5784860132 0.0005)
    (-0.4485276962 0.5784860132 -0.0005)
    (-0.4492089538 0.5783196586 0.0005)
    (-0.4492089538 0.5783196586 -0.0005)
    (-0.4498902112 0.5781533041 0.0005)
    (-0.4498902112 0.5781533041 -0.0005)
    (-0.4505714687 0.5779869497 0.0005)
    (-0.4505714687 0.5779869497 -0.0005)
    (-0.4512527262 0.5778205951 0.0005)
    (-0.4512527262 0.5778205951 -0.0005)
    (-0.4519339837 0.5776542407 0.0005)
    (-0.4519339837 0.5776542407 -0.0005)
    (-0.4526152412 0.5774878862 0.0005)
    (-0.4526152412 0.5774878862 -0.0005)
    (-0.4532964986 0.5773215316 0.0005)
    (-0.4532964986 0.5773215316 -0.0005)
    (-0.4539777561 0.5771551772 0.0005)
    (-0.4539777561 0.5771551772 -0.0005)
    (-0.4546590135 0.5769888227 0.0005)
    (-0.4546590135 0.5769888227 -0.0005)
    (-0.455340271 0.5768224682 0.0005)
    (-0.455340271 0.5768224682 -0.0005)
    (-0.4560215285 0.5766561136 0.0005)
    (-0.4560215285 0.5766561136 -0.0005)
    (-0.456702786 0.576489759 0.0005)
    (-0.456702786 0.576489759 -0.0005)
    (-0.4573840434 0.5763234046 0.0005)
    (-0.4573840434 0.5763234046 -0.0005)
    (-0.4580651811 0.5761565631 0.0005)
    (-0.4580651811 0.5761565631 -0.0005)
    (-0.4587460142 0.5759884842 0.0005)
    (-0.4587460142 0.5759884842 -0.0005)
    (-0.4594266625 0.5758196547 0.0005)
    (-0.4594266625 0.5758196547 -0.0005)
    (-0.4601073109 0.5756508251 0.0005)
    (-0.4601073109 0.5756508251 -0.0005)
    (-0.4607879592 0.5754819957 0.0005)
    (-0.4607879592 0.5754819957 -0.0005)
    (-0.4614686076 0.5753131663 0.0005)
    (-0.4614686076 0.5753131663 -0.0005)
    (-0.462149256 0.5751443367 0.0005)
    (-0.462149256 0.5751443367 -0.0005)
    (-0.4628299043 0.5749755073 0.0005)
    (-0.4628299043 0.5749755073 -0.0005)
    (-0.4635105527 0.5748066778 0.0005)
    (-0.4635105527 0.5748066778 -0.0005)
    (-0.464191201 0.5746378482 0.0005)
    (-0.464191201 0.5746378482 -0.0005)
    (-0.4648718494 0.5744690188 0.0005)
    (-0.4648718494 0.5744690188 -0.0005)
    (-0.4655519643 0.5742980799 0.0005)
    (-0.4655519643 0.5742980799 -0.0005)
    (-0.4662312974 0.5741240492 0.0005)
    (-0.4662312974 0.5741240492 -0.0005)
    (-0.4669103821 0.5739490363 0.0005)
    (-0.4669103821 0.5739490363 -0.0005)
    (-0.4675894668 0.5737740233 0.0005)
    (-0.4675894668 0.5737740233 -0.0005)
    (-0.4682685515 0.5735990103 0.0005)
    (-0.4682685515 0.5735990103 -0.0005)
    (-0.4689476362 0.5734239974 0.0005)
    (-0.4689476362 0.5734239974 -0.0005)
    (-0.4696267209 0.5732489844 0.0005)
    (-0.4696267209 0.5732489844 -0.0005)
    (-0.4703058056 0.5730739715 0.0005)
    (-0.4703058056 0.5730739715 -0.0005)
    (-0.4709848904 0.5728989585 0.0005)
    (-0.4709848904 0.5728989585 -0.0005)
    (-0.4716639751 0.5727239456 0.0005)
    (-0.4716639751 0.5727239456 -0.0005)
    (-0.4723430598 0.5725489326 0.0005)
    (-0.4723430598 0.5725489326 -0.0005)
    (-0.4730221445 0.5723739196 0.0005)
    (-0.4730221445 0.5723739196 -0.0005)
    (-0.4737012292 0.5721989067 0.0005)
    (-0.4737012292 0.5721989067 -0.0005)
    (-0.4743803139 0.5720238937 0.0005)
    (-0.4743803139 0.5720238937 -0.0005)
    (-0.4750593986 0.5718488807 0.0005)
    (-0.4750593986 0.5718488807 -0.0005)
    (-0.4757384833 0.5716738678 0.0005)
    (-0.4757384833 0.5716738678 -0.0005)
    (-0.476417568 0.5714988548 0.0005)
    (-0.476417568 0.5714988548 -0.0005)
    (-0.4770966527 0.5713238419 0.0005)
    (-0.4770966527 0.5713238419 -0.0005)
    (-0.4777757374 0.5711488289 0.0005)
    (-0.4777757374 0.5711488289 -0.0005)
    (-0.4784548221 0.570973816 0.0005)
    (-0.4784548221 0.570973816 -0.0005)
    (-0.4791339068 0.570798803 0.0005)
    (-0.4791339068 0.570798803 -0.0005)
    (-0.4798127593 0.5706228972 0.0005)
    (-0.4798127593 0.5706228972 -0.0005)
    (-0.480491233 0.570445534 0.0005)
    (-0.480491233 0.570445534 -0.0005)
    (-0.4811695598 0.5702676066 0.0005)
    (-0.4811695598 0.5702676066 -0.0005)
    (-0.4818478868 0.5700896792 0.0005)
    (-0.4818478868 0.5700896792 -0.0005)
    (-0.4825262137 0.5699117518 0.0005)
    (-0.4825262137 0.5699117518 -0.0005)
    (-0.4832045407 0.5697338244 0.0005)
    (-0.4832045407 0.5697338244 -0.0005)
    (-0.4838828676 0.569555897 0.0005)
    (-0.4838828676 0.569555897 -0.0005)
    (-0.4845611945 0.5693779696 0.0005)
    (-0.4845611945 0.5693779696 -0.0005)
    (-0.4852395215 0.5692000422 0.0005)
    (-0.4852395215 0.5692000422 -0.0005)
    (-0.4859178484 0.5690221148 0.0005)
    (-0.4859178484 0.5690221148 -0.0005)
    (-0.4865959309 0.5688432737 0.0005)
    (-0.4865959309 0.5688432737 -0.0005)
    (-0.4872731579 0.568661232 0.0005)
    (-0.4872731579 0.568661232 -0.0005)
    (-0.4879497735 0.5684769036 0.0005)
    (-0.4879497735 0.5684769036 -0.0005)
    (-0.488626389 0.5682925751 0.0005)
    (-0.488626389 0.5682925751 -0.0005)
    (-0.4893030046 0.5681082467 0.0005)
    (-0.4893030046 0.5681082467 -0.0005)
    (-0.4899796201 0.5679239182 0.0005)
    (-0.4899796201 0.5679239182 -0.0005)
    (-0.4906562356 0.5677395898 0.0005)
    (-0.4906562356 0.5677395898 -0.0005)
    (-0.4913328512 0.5675552614 0.0005)
    (-0.4913328512 0.5675552614 -0.0005)
    (-0.4920094668 0.5673709329 0.0005)
    (-0.4920094668 0.5673709329 -0.0005)
    (-0.4926860823 0.5671866045 0.0005)
    (-0.4926860823 0.5671866045 -0.0005)
    (-0.4933626978 0.567002276 0.0005)
    (-0.4933626978 0.567002276 -0.0005)
    (-0.4940393134 0.5668179476 0.0005)
    (-0.4940393134 0.5668179476 -0.0005)
    (-0.4947159289 0.5666336191 0.0005)
    (-0.4947159289 0.5666336191 -0.0005)
    (-0.4953925445 0.5664492907 0.0005)
    (-0.4953925445 0.5664492907 -0.0005)
    (-0.49606916 0.5662649623 0.0005)
    (-0.49606916 0.5662649623 -0.0005)
    (-0.4967457755 0.5660806338 0.0005)
    (-0.4967457755 0.5660806338 -0.0005)
    (-0.4974223911 0.5658963054 0.0005)
    (-0.4974223911 0.5658963054 -0.0005)
    (-0.4980990067 0.5657119769 0.0005)
    (-0.4980990067 0.5657119769 -0.0005)
    (-0.4987756222 0.5655276485 0.0005)
    (-0.4987756222 0.5655276485 -0.0005)
    (-0.4994522377 0.56534332 0.0005)
    (-0.4994522377 0.56534332 -0.0005)
    (-0.5001288533 0.5651589916 0.0005)
    (-0.5001288533 0.5651589916 -0.0005)
    (-0.5008054688 0.5649746632 0.0005)
    (-0.5008054688 0.5649746632 -0.0005)
    (-0.5014817423 0.5647890916 0.0005)
    (-0.5014817423 0.5647890916 -0.0005)
    (-0.5021575469 0.5646018154 0.0005)
    (-0.5021575469 0.5646018154 -0.0005)
    (-0.5028332244 0.5644140776 0.0005)
    (-0.5028332244 0.5644140776 -0.0005)
    (-0.503508902 0.56422634 0.0005)
    (-0.503508902 0.56422634 -0.0005)
    (-0.5041845795 0.5640386023 0.0005)
    (-0.5041845795 0.5640386023 -0.0005)
    (-0.504860257 0.5638508647 0.0005)
    (-0.504860257 0.5638508647 -0.0005)
    (-0.5055359346 0.563663127 0.0005)
    (-0.5055359346 0.563663127 -0.0005)
    (-0.5062116121 0.5634753893 0.0005)
    (-0.5062116121 0.5634753893 -0.0005)
    (-0.5068872897 0.5632876516 0.0005)
    (-0.5068872897 0.5632876516 -0.0005)
    (-0.5075629671 0.5630999139 0.0005)
    (-0.5075629671 0.5630999139 -0.0005)
    (-0.5082379099 0.5629095795 0.0005)
    (-0.5082379099 0.5629095795 -0.0005)
    (-0.5089119481 0.562716048 0.0005)
    (-0.5089119481 0.562716048 -0.0005)
    (-0.5095858163 0.5625219163 0.0005)
    (-0.5095858163 0.5625219163 -0.0005)
    (-0.5102596847 0.5623277846 0.0005)
    (-0.5102596847 0.5623277846 -0.0005)
    (-0.5109335529 0.5621336529 0.0005)
    (-0.5109335529 0.5621336529 -0.0005)
    (-0.5116074212 0.5619395212 0.0005)
    (-0.5116074212 0.5619395212 -0.0005)
    (-0.5122812895 0.5617453894 0.0005)
    (-0.5122812895 0.5617453894 -0.0005)
    (-0.5129551577 0.5615512578 0.0005)
    (-0.5129551577 0.5615512578 -0.0005)
    (-0.513629026 0.561357126 0.0005)
    (-0.513629026 0.561357126 -0.0005)
    (-0.5143028942 0.5611629944 0.0005)
    (-0.5143028942 0.5611629944 -0.0005)
    (-0.5149767626 0.5609688626 0.0005)
    (-0.5149767626 0.5609688626 -0.0005)
    (-0.5156506308 0.5607747308 0.0005)
    (-0.5156506308 0.5607747308 -0.0005)
    (-0.516324499 0.5605805992 0.0005)
    (-0.516324499 0.5605805992 -0.0005)
    (-0.5169983674 0.5603864674 0.0005)
    (-0.5169983674 0.5603864674 -0.0005)
    (-0.5176722356 0.5601923358 0.0005)
    (-0.5176722356 0.5601923358 -0.0005)
    (-0.5183461039 0.559998204 0.0005)
    (-0.5183461039 0.559998204 -0.0005)
    (-0.5190199722 0.5598040722 0.0005)
    (-0.5190199722 0.5598040722 -0.0005)
    (-0.5196938404 0.5596099406 0.0005)
    (-0.5196938404 0.5596099406 -0.0005)
    (-0.5203677087 0.5594158088 0.0005)
    (-0.5203677087 0.5594158088 -0.0005)
    (-0.5210415769 0.5592216772 0.0005)
    (-0.5210415769 0.5592216772 -0.0005)
    (-0.5217154453 0.5590275454 0.0005)
    (-0.5217154453 0.5590275454 -0.0005)
    (-0.5226209234 0.5587593985 0.0005)
    (-0.5226209234 0.5587593985 -0.0005)
    (-0.5237580116 0.5584172364 0.0005)
    (-0.5237580116 0.5584172364 -0.0005)
    (-0.5248950996 0.5580750744 0.0005)
    (-0.5248950996 0.5580750744 -0.0005)
    (-0.5260321877 0.5577329122 0.0005)
    (-0.5260321877 0.5577329122 -0.0005)
    (-0.5271692758 0.5573907501 0.0005)
    (-0.5271692758 0.5573907501 -0.0005)
    (-0.5283063639 0.5570485881 0.0005)
    (-0.5283063639 0.5570485881 -0.0005)
    (-0.5294434519 0.5567064259 0.0005)
    (-0.5294434519 0.5567064259 -0.0005)
    (-0.53058054 0.5563642638 0.0005)
    (-0.53058054 0.5563642638 -0.0005)
    (-0.5317176282 0.5560221017 0.0005)
    (-0.5317176282 0.5560221017 -0.0005)
    (-0.5328547162 0.5556799397 0.0005)
    (-0.5328547162 0.5556799397 -0.0005)
    (-0.5339918043 0.5553377776 0.0005)
    (-0.5339918043 0.5553377776 -0.0005)
    (-0.5351288924 0.5549956155 0.0005)
    (-0.5351288924 0.5549956155 -0.0005)
    (-0.5362659806 0.5546534534 0.0005)
    (-0.5362659806 0.5546534534 -0.0005)
    (-0.5374030686 0.5543112914 0.0005)
    (-0.5374030686 0.5543112914 -0.0005)
    (-0.5385401567 0.5539691292 0.0005)
    (-0.5385401567 0.5539691292 -0.0005)
    (-0.5396772449 0.5536269672 0.0005)
    (-0.5396772449 0.5536269672 -0.0005)
    (-0.5408143329 0.553284805 0.0005)
    (-0.5408143329 0.553284805 -0.0005)
    (-0.5419496646 0.5529369689 0.0005)
    (-0.5419496646 0.5529369689 -0.0005)
    (-0.5430822154 0.5525801502 0.0005)
    (-0.5430822154 0.5525801502 -0.0005)
    (-0.544213742 0.5522200227 0.0005)
    (-0.544213742 0.5522200227 -0.0005)
    (-0.5453452686 0.5518598953 0.0005)
    (-0.5453452686 0.5518598953 -0.0005)
    (-0.5464767952 0.5514997679 0.0005)
    (-0.5464767952 0.5514997679 -0.0005)
    (-0.5476083218 0.5511396405 0.0005)
    (-0.5476083218 0.5511396405 -0.0005)
    (-0.5487398484 0.550779513 0.0005)
    (-0.5487398484 0.550779513 -0.0005)
    (-0.549871375 0.5504193856 0.0005)
    (-0.549871375 0.5504193856 -0.0005)
    (-0.5510029016 0.5500592582 0.0005)
    (-0.5510029016 0.5500592582 -0.0005)
    (-0.5521344282 0.5496991308 0.0005)
    (-0.5521344282 0.5496991308 -0.0005)
    (-0.5532659548 0.5493390033 0.0005)
    (-0.5532659548 0.5493390033 -0.0005)
    (-0.5543974815 0.5489788759 0.0005)
    (-0.5543974815 0.5489788759 -0.0005)
    (-0.5555290081 0.5486187485 0.0005)
    (-0.5555290081 0.5486187485 -0.0005)
    (-0.5566605347 0.5482586211 0.0005)
    (-0.5566605347 0.5482586211 -0.0005)
    (-0.5577920613 0.5478984937 0.0005)
    (-0.5577920613 0.5478984937 -0.0005)
    (-0.5589235879 0.5475383662 0.0005)
    (-0.5589235879 0.5475383662 -0.0005)
    (-0.5600551145 0.5471782388 0.0005)
    (-0.5600551145 0.5471782388 -0.0005)
    (-0.5611860691 0.5468163522 0.0005)
    (-0.5611860691 0.5468163522 -0.0005)
    (-0.5623147213 0.5464473858 0.0005)
    (-0.5623147213 0.5464473858 -0.0005)
    (-0.5634416434 0.5460730986 0.0005)
    (-0.5634416434 0.5460730986 -0.0005)
    (-0.5645685655 0.5456988115 0.0005)
    (-0.5645685655 0.5456988115 -0.0005)
    (-0.5656954875 0.5453245244 0.0005)
    (-0.5656954875 0.5453245244 -0.0005)
    (-0.5668224096 0.5449502372 0.0005)
    (-0.5668224096 0.5449502372 -0.0005)
    (-0.5679493317 0.5445759501 0.0005)
    (-0.5679493317 0.5445759501 -0.0005)
    (-0.5690762538 0.544201663 0.0005)
    (-0.5690762538 0.544201663 -0.0005)
    (-0.5702023931 0.5438250757 0.0005)
    (-0.5702023931 0.5438250757 -0.0005)
    (-0.5713257201 0.5434402247 0.0005)
    (-0.5713257201 0.5434402247 -0.0005)
    (-0.5724470177 0.5430494102 0.0005)
    (-0.5724470177 0.5430494102 -0.0005)
    (-0.5735683153 0.5426585957 0.0005)
    (-0.5735683153 0.5426585957 -0.0005)
    (-0.5746896128 0.5422677811 0.0005)
    (-0.5746896128 0.5422677811 -0.0005)
    (-0.5758109104 0.5418769666 0.0005)
    (-0.5758109104 0.5418769666 -0.0005)
    (-0.576932208 0.5414861521 0.0005)
    (-0.576932208 0.5414861521 -0.0005)
    (-0.5780535055 0.5410953376 0.0005)
    (-0.5780535055 0.5410953376 -0.0005)
    (-0.5791748031 0.5407045231 0.0005)
    (-0.5791748031 0.5407045231 -0.0005)
    (-0.5802961007 0.5403137086 0.0005)
    (-0.5802961007 0.5403137086 -0.0005)
    (-0.5814173982 0.5399228941 0.0005)
    (-0.5814173982 0.5399228941 -0.0005)
    (-0.5825386958 0.5395320796 0.0005)
    (-0.5825386958 0.5395320796 -0.0005)
    (-0.5836599934 0.539141265 0.0005)
    (-0.5836599934 0.539141265 -0.0005)
    (-0.584781291 0.5387504505 0.0005)
    (-0.584781291 0.5387504505 -0.0005)
    (-0.5859025885 0.538359636 0.0005)
    (-0.5859025885 0.538359636 -0.0005)
    (-0.5870238861 0.5379688215 0.0005)
    (-0.5870238861 0.5379688215 -0.0005)
    (-0.5881451837 0.5375780069 0.0005)
    (-0.5881451837 0.5375780069 -0.0005)
    (-0.5892664812 0.5371871924 0.0005)
    (-0.5892664812 0.5371871924 -0.0005)
    (-0.5903836313 0.5367848687 0.0005)
    (-0.5903836313 0.5367848687 -0.0005)
    (-0.5914965496 0.5363708026 0.0005)
    (-0.5914965496 0.5363708026 -0.0005)
    (-0.5926093839 0.5359565032 0.0005)
    (-0.5926093839 0.5359565032 -0.0005)
    (-0.5937222182 0.5355422038 0.0005)
    (-0.5937222182 0.5355422038 -0.0005)
    (-0.5948350526 0.5351279044 0.0005)
    (-0.5948350526 0.5351279044 -0.0005)
    (-0.595947887 0.534713605 0.0005)
    (-0.595947887 0.534713605 -0.0005)
    (-0.5970607212 0.5342993056 0.0005)
    (-0.5970607212 0.5342993056 -0.0005)
    (-0.5981735556 0.5338850062 0.0005)
    (-0.5981735556 0.5338850062 -0.0005)
    (-0.5992863899 0.5334707068 0.0005)
    (-0.5992863899 0.5334707068 -0.0005)
    (-0.6003992243 0.5330564074 0.0005)
    (-0.6003992243 0.5330564074 -0.0005)
    (-0.6015120586 0.532642108 0.0005)
    (-0.6015120586 0.532642108 -0.0005)
    (-0.6026248929 0.5322278086 0.0005)
    (-0.6026248929 0.5322278086 -0.0005)
    (-0.6037377272 0.5318135092 0.0005)
    (-0.6037377272 0.5318135092 -0.0005)
    (-0.6048505615 0.5313992098 0.0005)
    (-0.6048505615 0.5313992098 -0.0005)
    (-0.6059633959 0.5309849104 0.0005)
    (-0.6059633959 0.5309849104 -0.0005)
    (-0.6070762302 0.5305706111 0.0005)
    (-0.6070762302 0.5305706111 -0.0005)
    (-0.6081890645 0.5301563117 0.0005)
    (-0.6081890645 0.5301563117 -0.0005)
    (-0.6093018988 0.5297420123 0.0005)
    (-0.6093018988 0.5297420123 -0.0005)
    (-0.6104118133 0.5293201529 0.0005)
    (-0.6104118133 0.5293201529 -0.0005)
    (-0.6115165142 0.528884795 0.0005)
    (-0.6115165142 0.528884795 -0.0005)
    (-0.6126189214 0.5284434987 0.0005)
    (-0.6126189214 0.5284434987 -0.0005)
    (-0.6137213288 0.5280022025 0.0005)
    (-0.6137213288 0.5280022025 -0.0005)
    (-0.6148237361 0.5275609062 0.0005)
    (-0.6148237361 0.5275609062 -0.0005)
    (-0.6159261434 0.5271196099 0.0005)
    (-0.6159261434 0.5271196099 -0.0005)
    (-0.6170285506 0.5266783137 0.0005)
    (-0.6170285506 0.5266783137 -0.0005)
    (-0.6181309579 0.5262370174 0.0005)
    (-0.6181309579 0.5262370174 -0.0005)
    (-0.6192333652 0.5257957211 0.0005)
    (-0.6192333652 0.5257957211 -0.0005)
    (-0.6203357725 0.5253544249 0.0005)
    (-0.6203357725 0.5253544249 -0.0005)
    (-0.6214381797 0.5249131286 0.0005)
    (-0.6214381797 0.5249131286 -0.0005)
    (-0.6225405871 0.5244718324 0.0005)
    (-0.6225405871 0.5244718324 -0.0005)
    (-0.6236429944 0.5240305361 0.0005)
    (-0.6236429944 0.5240305361 -0.0005)
    (-0.6247454017 0.5235892399 0.0005)
    (-0.6247454017 0.5235892399 -0.0005)
    (-0.6258478089 0.5231479436 0.0005)
    (-0.6258478089 0.5231479436 -0.0005)
    (-0.6269502163 0.5227066474 0.0005)
    (-0.6269502163 0.5227066474 -0.0005)
    (-0.6280526236 0.5222653511 0.0005)
    (-0.6280526236 0.5222653511 -0.0005)
    (-0.6291550308 0.5218240548 0.0005)
    (-0.6291550308 0.5218240548 -0.0005)
    (-0.630257438 0.5213827586 0.0005)
    (-0.630257438 0.5213827586 -0.0005)
    (-0.6313595603 0.5209407669 0.0005)
    (-0.6313595603 0.5209407669 -0.0005)
    (-0.6324579815 0.5204897453 0.0005)
    (-0.6324579815 0.5204897453 -0.0005)
    (-0.6335529866 0.5200303891 0.0005)
    (-0.6335529866 0.5200303891 -0.0005)
    (-0.6346479917 0.5195710329 0.0005)
    (-0.6346479917 0.5195710329 -0.0005)
    (-0.6357429968 0.5191116767 0.0005)
    (-0.6357429968 0.5191116767 -0.0005)
    (-0.6368366189 0.5186491255 0.0005)
    (-0.6368366189 0.5186491255 -0.0005)
    (-0.6379249164 0.5181742726 0.0005)
    (-0.6379249164 0.5181742726 -0.0005)
    (-0.639009272 0.5176903129 0.0005)
    (-0.639009272 0.5176903129 -0.0005)
    (-0.6400936276 0.5172063531 0.0005)
    (-0.6400936276 0.5172063531 -0.0005)
    (-0.6411779833 0.5167223933 0.0005)
    (-0.6411779833 0.5167223933 -0.0005)
    (-0.6422623389 0.5162384335 0.0005)
    (-0.6422623389 0.5162384335 -0.0005)
    (-0.6433466946 0.5157544737 0.0005)
    (-0.6433466946 0.5157544737 -0.0005)
    (-0.6444310503 0.515270514 0.0005)
    (-0.6444310503 0.515270514 -0.0005)
    (-0.6455154059 0.5147865542 0.0005)
    (-0.6455154059 0.5147865542 -0.0005)
    (-0.6465997615 0.5143025944 0.0005)
    (-0.6465997615 0.5143025944 -0.0005)
    (-0.6476841172 0.5138186346 0.0005)
    (-0.6476841172 0.5138186346 -0.0005)
    (-0.6487684728 0.5133346749 0.0005)
    (-0.6487684728 0.5133346749 -0.0005)
    (-0.6498528285 0.5128507151 0.0005)
    (-0.6498528285 0.5128507151 -0.0005)
    (-0.6509371841 0.5123667553 0.0005)
    (-0.6509371841 0.5123667553 -0.0005)
    (-0.6520215397 0.5118827956 0.0005)
    (-0.6520215397 0.5118827956 -0.0005)
    (-0.6531058954 0.5113988358 0.0005)
    (-0.6531058954 0.5113988358 -0.0005)
    (-0.654190251 0.510914876 0.0005)
    (-0.654190251 0.510914876 -0.0005)
    (-0.6552746067 0.5104309163 0.0005)
    (-0.6552746067 0.5104309163 -0.0005)
    (-0.6563589624 0.5099469565 0.0005)
    (-0.6563589624 0.5099469565 -0.0005)
    (-0.657443318 0.5094629967 0.0005)
    (-0.657443318 0.5094629967 -0.0005)
    (-0.6585276736 0.5089790369 0.0005)
    (-0.6585276736 0.5089790369 -0.0005)
    (-0.6596120292 0.5084950771 0.0005)
    (-0.6596120292 0.5084950771 -0.0005)
    (-0.6606963849 0.5080111174 0.0005)
    (-0.6606963849 0.5080111174 -0.0005)
    (-0.6617807406 0.5075271576 0.0005)
    (-0.6617807406 0.5075271576 -0.0005)
    (-0.6628558514 0.5070235897 0.0005)
    (-0.6628558514 0.5070235897 -0.0005)
    (-0.6639204351 0.5064976939 0.0005)
    (-0.6639204351 0.5064976939 -0.0005)
    (-0.6649837364 0.5059690782 0.0005)
    (-0.6649837364 0.5059690782 -0.0005)
    (-0.6660470376 0.5054404624 0.0005)
    (-0.6660470376 0.5054404624 -0.0005)
    (-0.6671103388 0.5049118466 0.0005)
    (-0.6671103388 0.5049118466 -0.0005)
    (-0.6681736402 0.5043832308 0.0005)
    (-0.6681736402 0.5043832308 -0.0005)
    (-0.6692369414 0.503854615 0.0005)
    (-0.6692369414 0.503854615 -0.0005)
    (-0.6703002426 0.5033259992 0.0005)
    (-0.6703002426 0.5033259992 -0.0005)
    (-0.671363544 0.5027973835 0.0005)
    (-0.671363544 0.5027973835 -0.0005)
    (-0.6724268452 0.5022687677 0.0005)
    (-0.6724268452 0.5022687677 -0.0005)
    (-0.6734901465 0.5017401519 0.0005)
    (-0.6734901465 0.5017401519 -0.0005)
    (-0.6745534477 0.5012115361 0.0005)
    (-0.6745534477 0.5012115361 -0.0005)
    (-0.675616749 0.5006829203 0.0005)
    (-0.675616749 0.5006829203 -0.0005)
    (-0.6766800502 0.5001543045 0.0005)
    (-0.6766800502 0.5001543045 -0.0005)
    (-0.6777433515 0.4996256887 0.0005)
    (-0.6777433515 0.4996256887 -0.0005)
    (-0.6788066528 0.499097073 0.0005)
    (-0.6788066528 0.499097073 -0.0005)
    (-0.6798699541 0.4985684572 0.0005)
    (-0.6798699541 0.4985684572 -0.0005)
    (-0.6809332553 0.4980398414 0.0005)
    (-0.6809332553 0.4980398414 -0.0005)
    (-0.6819965565 0.4975112256 0.0005)
    (-0.6819965565 0.4975112256 -0.0005)
    (-0.6830598579 0.4969826098 0.0005)
    (-0.6830598579 0.4969826098 -0.0005)
    (-0.6841231591 0.496453994 0.0005)
    (-0.6841231591 0.496453994 -0.0005)
    (-0.6851864603 0.4959253783 0.0005)
    (-0.6851864603 0.4959253783 -0.0005)
    (-0.6862497617 0.4953967625 0.0005)
    (-0.6862497617 0.4953967625 -0.0005)
    (-0.6873130629 0.4948681467 0.0005)
    (-0.6873130629 0.4948681467 -0.0005)
    (-0.6883763642 0.4943395309 0.0005)
    (-0.6883763642 0.4943395309 -0.0005)
    (-0.6894396654 0.4938109151 0.0005)
    (-0.6894396654 0.4938109151 -0.0005)
    (-0.6905029666 0.4932822993 0.0005)
    (-0.6905029666 0.4932822993 -0.0005)
    (-0.691566268 0.4927536835 0.0005)
    (-0.691566268 0.4927536835 -0.0005)
    (-0.6926237731 0.4922138256 0.0005)
    (-0.6926237731 0.4922138256 -0.0005)
    (-0.6936732993 0.4916584916 0.0005)
    (-0.6936732993 0.4916584916 -0.0005)
    (-0.6947206426 0.4910989238 0.0005)
    (-0.6947206426 0.4910989238 -0.0005)
    (-0.6957679859 0.490539356 0.0005)
    (-0.6957679859 0.490539356 -0.0005)
    (-0.6987957213 0.4888366888 0.0005)
    (-0.6987957213 0.4888366888 -0.0005)
    (-0.7037827625 0.4859402963 0.0005)
    (-0.7037827625 0.4859402963 -0.0005)
    (-0.7087451255 0.4829954094 0.0005)
    (-0.7087451255 0.4829954094 -0.0005)
    (-0.7137003101 0.4800547824 0.0005)
    (-0.7137003101 0.4800547824 -0.0005)
    (-0.7186483267 0.4771184094 0.0005)
    (-0.7186483267 0.4771184094 -0.0005)
    (-0.7235891856 0.4741862841 0.0005)
    (-0.7235891856 0.4741862841 -0.0005)
    (-0.7285228971 0.4712584002 0.0005)
    (-0.7285228971 0.4712584002 -0.0005)
    (-0.7334494716 0.4683347518 0.0005)
    (-0.7334494716 0.4683347518 -0.0005)
    (-0.7383689194 0.4654153328 0.0005)
    (-0.7383689194 0.4654153328 -0.0005)
    (-0.7432413382 0.4624367346 0.0005)
    (-0.7432413382 0.4624367346 -0.0005)
    (-0.7479418199 0.4592151017 0.0005)
    (-0.7479418199 0.4592151017 -0.0005)
    (-0.7525050698 0.4558067595 0.0005)
    (-0.7525050698 0.4558067595 -0.0005)
    (-0.7570562626 0.4523959198 0.0005)
    (-0.7570562626 0.4523959198 -0.0005)
    (-0.7616008718 0.4489900141 0.0005)
    (-0.7616008718 0.4489900141 -0.0005)
    (-0.7661389067 0.4455890354 0.0005)
    (-0.7661389067 0.4455890354 -0.0005)
    (-0.7706703772 0.4421929763 0.0005)
    (-0.7706703772 0.4421929763 -0.0005)
    (-0.7751952924 0.4388018301 0.0005)
    (-0.7751952924 0.4388018301 -0.0005)
    (-0.779713662 0.4354155893 0.0005)
    (-0.779713662 0.4354155893 -0.0005)
    (-0.7842254954 0.432034247 0.0005)
    (-0.7842254954 0.432034247 -0.0005)
    (-0.7887308021 0.4286577961 0.0005)
    (-0.7887308021 0.4286577961 -0.0005)
    (-0.7932295915 0.4252862296 0.0005)
    (-0.7932295915 0.4252862296 -0.0005)
    (-0.797721873 0.4219195403 0.0005)
    (-0.797721873 0.4219195403 -0.0005)
    (-0.8021551338 0.41851807 0.0005)
    (-0.8021551338 0.41851807 -0.0005)
    (-0.8094284015 0.4120031369 0.0005)
    (-0.8094284015 0.4120031369 -0.0005)
    (-0.8194180186 0.4024345007 0.0005)
    (-0.8194180186 0.4024345007 -0.0005)
    (-0.8291130796 0.3930004368 0.0005)
    (-0.8291130796 0.3930004368 -0.0005)
    (-0.8385805837 0.3837878036 0.0005)
    (-0.8385805837 0.3837878036 -0.0005)
    (-0.8478258723 0.3747914038 0.0005)
    (-0.8478258723 0.3747914038 -0.0005)
    (-0.8567889035 0.3659442406 0.0005)
    (-0.8567889035 0.3659442406 -0.0005)
    (-0.8651885905 0.3569698068 0.0005)
    (-0.8651885905 0.3569698068 -0.0005)
    (-0.8728276141 0.3477221509 0.0005)
    (-0.8728276141 0.3477221509 -0.0005)
    (-0.8797449553 0.3382700613 0.0005)
    (-0.8797449553 0.3382700613 -0.0005)
    (-0.8862333525 0.3288291967 0.0005)
    (-0.8862333525 0.3288291967 -0.0005)
    (-0.8925694578 0.3196099224 0.0005)
    (-0.8925694578 0.3196099224 -0.0005)
    (-0.898756846 0.3106070374 0.0005)
    (-0.898756846 0.3106070374 -0.0005)
    (-0.9047990074 0.3018154628 0.0005)
    (-0.9047990074 0.3018154628 -0.0005)
    (-0.9106993507 0.2932302388 0.0005)
    (-0.9106993507 0.2932302388 -0.0005)
    (-0.9164612048 0.2848465221 0.0005)
    (-0.9164612048 0.2848465221 -0.0005)
    (-0.92208782 0.276659583 0.0005)
    (-0.92208782 0.276659583 -0.0005)
    (-0.9275823707 0.2686648027 0.0005)
    (-0.9275823707 0.2686648027 -0.0005)
    (-0.9329479565 0.2608576713 0.0005)
    (-0.9329479565 0.2608576713 -0.0005)
    (-0.9379213098 0.2531122667 0.0005)
    (-0.9379213098 0.2531122667 -0.0005)
    (-0.9420832483 0.2451575802 0.0005)
    (-0.9420832483 0.2451575802 -0.0005)
    (-0.9457191116 0.2371200413 0.0005)
    (-0.9457191116 0.2371200413 -0.0005)
    (-0.9492696362 0.2292711547 0.0005)
    (-0.9492696362 0.2292711547 -0.0005)
    (-0.9527368249 0.2216064924 0.0005)
    (-0.9527368249 0.2216064924 -0.0005)
    (-0.9561226338 0.2141217306 0.0005)
    (-0.9561226338 0.2141217306 -0.0005)
    (-0.9594289731 0.2068126467 0.0005)
    (-0.9594289731 0.2068126467 -0.0005)
    (-0.9626577079 0.1996751171 0.0005)
    (-0.9626577079 0.1996751171 -0.0005)
    (-0.9658106598 0.1927051155 0.0005)
    (-0.9658106598 0.1927051155 -0.0005)
    (-0.9688896074 0.1858987096 0.0005)
    (-0.9688896074 0.1858987096 -0.0005)
    (-0.9718962879 0.1792520596 0.0005)
    (-0.9718962879 0.1792520596 -0.0005)
    (-0.9745211875 0.1726495505 0.0005)
    (-0.9745211875 0.1726495505 -0.0005)
    (-0.9765618702 0.1660141592 0.0005)
    (-0.9765618702 0.1660141592 -0.0005)
    (-0.9783432582 0.1594585226 0.0005)
    (-0.9783432582 0.1594585226 -0.0005)
    (-0.9800828345 0.1530567559 0.0005)
    (-0.9800828345 0.1530567559 -0.0005)
    (-0.9817815805 0.1468052478 0.0005)
    (-0.9817815805 0.1468052478 -0.0005)
    (-0.9834404545 0.1407004713 0.0005)
    (-0.9834404545 0.1407004713 -0.0005)
    (-0.9850603924 0.1347389824 0.0005)
    (-0.9850603924 0.1347389824 -0.0005)
    (-0.9866423082 0.1289174181 0.0005)
    (-0.9866423082 0.1289174181 -0.0005)
    (-0.9881870941 0.1232324941 0.0005)
    (-0.9881870941 0.1232324941 -0.0005)
    (-0.9896956217 0.1176810032 0.0005)
    (-0.9896956217 0.1176810032 -0.0005)
    (-0.9911687421 0.1122598136 0.0005)
    (-0.9911687421 0.1122598136 -0.0005)
    (-0.9926072863 0.106965867 0.0005)
    (-0.9926072863 0.106965867 -0.0005)
    (-0.9940120658 0.1017961767 0.0005)
    (-0.9940120658 0.1017961767 -0.0005)
    (-0.9953838731 0.09674782628 0.0005)
    (-0.9953838731 0.09674782628 -0.0005)
    (-0.9967234823 0.09181796776 0.0005)
    (-0.9967234823 0.09181796776 -0.0005)
    (-0.9980316489 0.08700381995 0.0005)
    (-0.9980316489 0.08700381995 -0.0005)
    (-0.9992537153 0.08228945086 0.0005)
    (-0.9992537153 0.08228945086 -0.0005)
    (-1.000089639 0.07761995146 0.0005)
    (-1.000089639 0.07761995146 -0.0005)
    (-1.000497558 0.07299586372 0.0005)
    (-1.000497558 0.07299586372 -0.0005)
    (-1.000789584 0.06846868886 0.0005)
    (-1.000789584 0.06846868886 -0.0005)
    (-1.001074754 0.06404777316 0.0005)
    (-1.001074754 0.06404777316 -0.0005)
    (-1.001353231 0.05973062255 0.0005)
    (-1.001353231 0.05973062255 -0.0005)
    (-1.001625172 0.05551480153 0.0005)
    (-1.001625172 0.05551480153 -0.0005)
    (-1.00189073 0.05139793175 0.0005)
    (-1.00189073 0.05139793175 -0.0005)
    (-1.002150055 0.04737769069 0.0005)
    (-1.002150055 0.04737769069 -0.0005)
    (-1.002403294 0.04345181033 0.0005)
    (-1.002403294 0.04345181033 -0.0005)
    (-1.002650588 0.0396180759 0.0005)
    (-1.002650588 0.0396180759 -0.0005)
    (-1.002892078 0.0358743246 0.0005)
    (-1.002892078 0.0358743246 -0.0005)
    (-1.0031279 0.0322184444 0.0005)
    (-1.0031279 0.0322184444 -0.0005)
    (-1.003358187 0.02864837285 0.0005)
    (-1.003358187 0.02864837285 -0.0005)
    (-1.003583069 0.02516209589 0.0005)
    (-1.003583069 0.02516209589 -0.0005)
    (-1.003802673 0.02175764674 0.0005)
    (-1.003802673 0.02175764674 -0.0005)
    (-1.004017122 0.0184331048 0.0005)
    (-1.004017122 0.0184331048 -0.0005)
    (-1.004226538 0.01518659453 0.0005)
    (-1.004226538 0.01518659453 -0.0005)
    (-1.004431038 0.01201628442 0.0005)
    (-1.004431038 0.01201628442 -0.0005)
    (-1.004630738 0.008920385945 0.0005)
    (-1.004630738 0.008920385945 -0.0005)
    (-1.004825752 0.005897152547 0.0005)
    (-1.004825752 0.005897152547 -0.0005)
    (-1.005016188 0.002944878686 0.0005)
    (-1.005016188 0.002944878686 -0.0005)
    (-1.005202154 6.1898838e-05 0.0005)
    (-1.005202154 6.1898838e-05 -0.0005)
    (-1.005383756 -0.002753413423 0.0005)
    (-1.005383756 -0.002753413423 -0.0005)
    (-1.005561094 -0.00550264635 0.0005)
    (-1.005561094 -0.00550264635 -0.0005)
    (-1.005734271 -0.008187350919 0.0005)
    (-1.005734271 -0.008187350919 -0.0005)
    (-1.005903383 -0.0108090417 0.0005)
    (-1.005903383 -0.0108090417 -0.0005)
    (-1.006068525 -0.01336919772 0.0005)
    (-1.006068525 -0.01336919772 -0.0005)
    (-1.006229792 -0.01586926328 0.0005)
    (-1.006229792 -0.01586926328 -0.0005)
    (-1.006387272 -0.01831064878 0.0005)
    (-1.006387272 -0.01831064878 -0.0005)
    (-1.006541058 -0.02069473154 0.0005)
    (-1.006541058 -0.02069473154 -0.0005)
    (-1.006691233 -0.02302285653 0.0005)
    (-1.006691233 -0.02302285653 -0.0005)
    (-1.006837884 -0.02529633716 0.0005)
    (-1.006837884 -0.02529633716 -0.0005)
    (-1.006981092 -0.027516456 0.0005)
    (-1.006981092 -0.027516456 -0.0005)
    (-1.00712094 -0.02968446554 0.0005)
    (-1.00712094 -0.02968446554 -0.0005)
    (-1.007257505 -0.03180158885 0.0005)
    (-1.007257505 -0.03180158885 -0.0005)
    (-1.007390864 -0.0338690203 0.0005)
    (-1.007390864 -0.0338690203 -0.0005)
    (-1.007521092 -0.03588792622 0.0005)
    (-1.007521092 -0.03588792622 -0.0005)
    (-1.007648265 -0.03785944559 0.0005)
    (-1.007648265 -0.03785944559 -0.0005)
    (-1.007772454 -0.03978469063 0.0005)
    (-1.007772454 -0.03978469063 -0.0005)
    (-1.007893726 -0.04166474747 0.0005)
    (-1.007893726 -0.04166474747 -0.0005)
    (-1.008012152 -0.04350067673 0.0005)
    (-1.008012152 -0.04350067673 -0.0005)
    (-1.008127799 -0.04529351415 0.0005)
    (-1.008127799 -0.04529351415 -0.0005)
    (-1.008240731 -0.04704427116 0.0005)
    (-1.008240731 -0.04704427116 -0.0005)
    (-1.008351013 -0.04875393544 0.0005)
    (-1.008351013 -0.04875393544 -0.0005)
    (-1.008458706 -0.0504234715 0.0005)
    (-1.008458706 -0.0504234715 -0.0005)
    (-1.008563872 -0.05205382121 0.0005)
    (-1.008563872 -0.05205382121 -0.0005)
    (-1.008479959 -0.05365496727 0.0005)
    (-1.008479959 -0.05365496727 -0.0005)
    (-1.008200734 -0.05529009394 0.0005)
    (-1.008200734 -0.05529009394 -0.0005)
    (-1.007906129 -0.05701528188 0.0005)
    (-1.007906129 -0.05701528188 -0.0005)
    (-1.007595297 -0.05883549157 0.0005)
    (-1.007595297 -0.05883549157 -0.0005)
    (-1.007267345 -0.06075595673 0.0005)
    (-1.007267345 -0.06075595673 -0.0005)
    (-1.00692133 -0.06278219933 0.0005)
    (-1.00692133 -0.06278219933 -0.0005)
    (-1.006556257 -0.06492004551 0.0005)
    (-1.006556257 -0.06492004551 -0.0005)
    (-1.006171076 -0.06717564228 0.0005)
    (-1.006171076 -0.06717564228 -0.0005)
    (-1.005764679 -0.06955547523 0.0005)
    (-1.005764679 -0.06955547523 -0.0005)
    (-1.005335899 -0.07206638718 0.0005)
    (-1.005335899 -0.07206638718 -0.0005)
    (-1.004883502 -0.07471559784 0.0005)
    (-1.004883502 -0.07471559784 -0.0005)
    (-1.004406187 -0.07751072457 0.0005)
    (-1.004406187 -0.07751072457 -0.0005)
    (-1.003902582 -0.0804598043 0.0005)
    (-1.003902582 -0.0804598043 -0.0005)
    (-1.003371238 -0.08357131662 0.0005)
    (-1.003371238 -0.08357131662 -0.0005)
    (-1.002810629 -0.08685420816 0.0005)
    (-1.002810629 -0.08685420816 -0.0005)
    (-1.002219142 -0.09031791833 0.0005)
    (-1.002219142 -0.09031791833 -0.0005)
    (-1.001595077 -0.09397240645 0.0005)
    (-1.001595077 -0.09397240645 -0.0005)
    (-1.000936638 -0.0978281804 0.0005)
    (-1.000936638 -0.0978281804 -0.0005)
    (-1.000241934 -0.1018963268 0.0005)
    (-1.000241934 -0.1018963268 -0.0005)
    (-0.9995089656 -0.1061885429 0.0005)
    (-0.9995089656 -0.1061885429 -0.0005)
    (-0.9987356261 -0.1107171704 0.0005)
    (-0.9987356261 -0.1107171704 -0.0005)
    (-0.9979196917 -0.1154952305 0.0005)
    (-0.9979196917 -0.1154952305 -0.0005)
    (-0.9970588165 -0.1205364617 0.0005)
    (-0.9970588165 -0.1205364617 -0.0005)
    (-0.9961505251 -0.1258553592 0.0005)
    (-0.9961505251 -0.1258553592 -0.0005)
    (-0.9951922058 -0.1314672168 0.0005)
    (-0.9951922058 -0.1314672168 -0.0005)
    (-0.9941811032 -0.1373881702 0.0005)
    (-0.9941811032 -0.1373881702 -0.0005)
    (-0.99311431 -0.1436352443 0.0005)
    (-0.99311431 -0.1436352443 -0.0005)
    (-0.9919887588 -0.1502264015 0.0005)
    (-0.9919887588 -0.1502264015 -0.0005)
    (-0.9908012132 -0.1571805935 0.0005)
    (-0.9908012132 -0.1571805935 -0.0005)
    (-0.9895482588 -0.164517816 0.0005)
    (-0.9895482588 -0.164517816 -0.0005)
    (-0.9882262928 -0.1722591659 0.0005)
    (-0.9882262928 -0.1722591659 -0.0005)
    (-0.9866916736 -0.1803960075 0.0005)
    (-0.9866916736 -0.1803960075 -0.0005)
    (-0.9842453253 -0.1887547281 0.0005)
    (-0.9842453253 -0.1887547281 -0.0005)
    (-0.9809422448 -0.1973660191 0.0005)
    (-0.9809422448 -0.1973660191 -0.0005)
    (-0.9774226076 -0.2064391879 0.0005)
    (-0.9774226076 -0.2064391879 -0.0005)
    (-0.9737091122 -0.2160120985 0.0005)
    (-0.9737091122 -0.2160120985 -0.0005)
    (-0.9697910807 -0.2261122762 0.0005)
    (-0.9697910807 -0.2261122762 -0.0005)
    (-0.9656572478 -0.2367687623 0.0005)
    (-0.9656572478 -0.2367687623 -0.0005)
    (-0.9612957272 -0.2480121979 0.0005)
    (-0.9612957272 -0.2480121979 -0.0005)
    (-0.9566939779 -0.2598749114 0.0005)
    (-0.9566939779 -0.2598749114 -0.0005)
    (-0.9514879984 -0.2722216614 0.0005)
    (-0.9514879984 -0.2722216614 -0.0005)
    (-0.9449712739 -0.2847540726 0.0005)
    (-0.9449712739 -0.2847540726 -0.0005)
    (-0.93742238 -0.297651722 0.0005)
    (-0.93742238 -0.297651722 -0.0005)
    (-0.9294577001 -0.3112597619 0.0005)
    (-0.9294577001 -0.3112597619 -0.0005)
    (-0.921054333 -0.3256173202 0.0005)
    (-0.921054333 -0.3256173202 -0.0005)
    (-0.9122497392 -0.3407975129 0.0005)
    (-0.9122497392 -0.3407975129 -0.0005)
    (-0.9015744622 -0.3558103321 0.0005)
    (-0.9015744622 -0.3558103321 -0.0005)
    (-0.8888747043 -0.3706421105 0.0005)
    (-0.8888747043 -0.3706421105 -0.0005)
    (-0.8754863162 -0.3863181943 0.0005)
    (-0.8754863162 -0.3863181943 -0.0005)
    (-0.861360508 -0.4028577021 0.0005)
    (-0.861360508 -0.4028577021 -0.0005)
    (-0.8464566635 -0.4203081909 0.0005)
    (-0.8464566635 -0.4203081909 -0.0005)
    (-0.8301296271 -0.4381372713 0.0005)
    (-0.8301296271 -0.4381372713 -0.0005)
    (-0.8113063682 -0.4553044584 0.0005)
    (-0.8113063682 -0.4553044584 -0.0005)
    (-0.7902866282 -0.4721626053 0.0005)
    (-0.7902866282 -0.4721626053 -0.0005)
    (-0.7678925124 -0.4896579203 0.0005)
    (-0.7678925124 -0.4896579203 -0.0005)
    (-0.7514092609 -0.50162908 0.0005)
    (-0.7514092609 -0.50162908 -0.0005)
    (-0.7415009251 -0.5076208439 0.0005)
    (-0.7415009251 -0.5076208439 -0.0005)
    (-0.7316672794 -0.513494349 0.0005)
    (-0.7316672794 -0.513494349 -0.0005)
    (-0.7219548994 -0.5192954237 0.0005)
    (-0.7219548994 -0.5192954237 -0.0005)
    (-0.7123622898 -0.525024961 0.0005)
    (-0.7123622898 -0.525024961 -0.0005)
    (-0.7028879738 -0.5306838433 0.0005)
    (-0.7028879738 -0.5306838433 -0.0005)
    (-0.6934270364 -0.5360817544 0.0005)
    (-0.6934270364 -0.5360817544 -0.0005)
    (-0.6838135755 -0.5409019041 0.0005)
    (-0.6838135755 -0.5409019041 -0.0005)
    (-0.6741529283 -0.5453426047 0.0005)
    (-0.6741529283 -0.5453426047 -0.0005)
    (-0.6646114134 -0.5497285438 0.0005)
    (-0.6646114134 -0.5497285438 -0.0005)
    (-0.655187562 -0.5540603966 0.0005)
    (-0.655187562 -0.5540603966 -0.0005)
    (-0.6458680445 -0.5582845306 0.0005)
    (-0.6458680445 -0.5582845306 -0.0005)
    (-0.6399419852 -0.5608736853 0.0005)
    (-0.6399419852 -0.5608736853 -0.0005)
    (-0.6373533204 -0.5618827089 0.0005)
    (-0.6373533204 -0.5618827089 -0.0005)
    (-0.6347544595 -0.5628657372 0.0005)
    (-0.6347544595 -0.5628657372 -0.0005)
    (-0.6321555986 -0.5638487656 0.0005)
    (-0.6321555986 -0.5638487656 -0.0005)
    (-0.6295567376 -0.564831794 0.0005)
    (-0.6295567376 -0.564831794 -0.0005)
    (-0.6269578766 -0.5658148223 0.0005)
    (-0.6269578766 -0.5658148223 -0.0005)
    (-0.6243590157 -0.5667978507 0.0005)
    (-0.6243590157 -0.5667978507 -0.0005)
    (-0.6217601547 -0.5677808791 0.0005)
    (-0.6217601547 -0.5677808791 -0.0005)
    (-0.6191612937 -0.5687639074 0.0005)
    (-0.6191612937 -0.5687639074 -0.0005)
    (-0.6165624328 -0.5697469358 0.0005)
    (-0.6165624328 -0.5697469358 -0.0005)
    (-0.6139635718 -0.5707299641 0.0005)
    (-0.6139635718 -0.5707299641 -0.0005)
    (-0.6113647108 -0.5717129925 0.0005)
    (-0.6113647108 -0.5717129925 -0.0005)
    (-0.6087545078 -0.5726647336 0.0005)
    (-0.6087545078 -0.5726647336 -0.0005)
    (-0.606131198 -0.5735803193 0.0005)
    (-0.606131198 -0.5735803193 -0.0005)
    (-0.6035017876 -0.574478096 0.0005)
    (-0.6035017876 -0.574478096 -0.0005)
    (-0.6008629848 -0.5753478404 0.0005)
    (-0.6008629848 -0.5753478404 -0.0005)
    (-0.5982191257 -0.5762024935 0.0005)
    (-0.5982191257 -0.5762024935 -0.0005)
    (-0.5955752666 -0.5770571466 0.0005)
    (-0.5955752666 -0.5770571466 -0.0005)
    (-0.5929314074 -0.5779117997 0.0005)
    (-0.5929314074 -0.5779117997 -0.0005)
    (-0.5902875482 -0.5787664529 0.0005)
    (-0.5902875482 -0.5787664529 -0.0005)
    (-0.5876436891 -0.579621106 0.0005)
    (-0.5876436891 -0.579621106 -0.0005)
    (-0.58499983 -0.5804757591 0.0005)
    (-0.58499983 -0.5804757591 -0.0005)
    (-0.5823559709 -0.5813304122 0.0005)
    (-0.5823559709 -0.5813304122 -0.0005)
    (-0.5797107988 -0.5821808591 0.0005)
    (-0.5797107988 -0.5821808591 -0.0005)
    (-0.5770572758 -0.583004554 0.0005)
    (-0.5770572758 -0.583004554 -0.0005)
    (-0.5743965723 -0.5838052148 0.0005)
    (-0.5743965723 -0.5838052148 -0.0005)
    (-0.5717296548 -0.5845846275 0.0005)
    (-0.5717296548 -0.5845846275 -0.0005)
    (-0.5690566662 -0.5853432809 0.0005)
    (-0.5690566662 -0.5853432809 -0.0005)
    (-0.5663836775 -0.5861019341 0.0005)
    (-0.5663836775 -0.5861019341 -0.0005)
    (-0.5637106889 -0.5868605873 0.0005)
    (-0.5637106889 -0.5868605873 -0.0005)
    (-0.5610377003 -0.5876192407 0.0005)
    (-0.5610377003 -0.5876192407 -0.0005)
    (-0.5583647117 -0.5883778939 0.0005)
    (-0.5583647117 -0.5883778939 -0.0005)
    (-0.555691723 -0.5891365472 0.0005)
    (-0.555691723 -0.5891365472 -0.0005)
    (-0.5530154098 -0.5898831815 0.0005)
    (-0.5530154098 -0.5898831815 -0.0005)
    (-0.5503341382 -0.5906118894 0.0005)
    (-0.5503341382 -0.5906118894 -0.0005)
    (-0.5480923408 -0.5912132254 0.0005)
    (-0.5480923408 -0.5912132254 -0.0005)
    (-0.5462890845 -0.5916833047 0.0005)
    (-0.5462890845 -0.5916833047 -0.0005)
    (-0.5444832614 -0.5921435923 0.0005)
    (-0.5444832614 -0.5921435923 -0.0005)
    (-0.5426774383 -0.5926038799 0.0005)
    (-0.5426774383 -0.5926038799 -0.0005)
    (-0.5408716152 -0.5930641675 0.0005)
    (-0.5408716152 -0.5930641675 -0.0005)
    (-0.5390657921 -0.5935244551 0.0005)
    (-0.5390657921 -0.5935244551 -0.0005)
    (-0.537259969 -0.5939847427 0.0005)
    (-0.537259969 -0.5939847427 -0.0005)
    (-0.5354541459 -0.5944450303 0.0005)
    (-0.5354541459 -0.5944450303 -0.0005)
    (-0.5336483228 -0.5949053179 0.0005)
    (-0.5336483228 -0.5949053179 -0.0005)
    (-0.5318417132 -0.5953624412 0.0005)
    (-0.5318417132 -0.5953624412 -0.0005)
    (-0.5300324232 -0.5958087801 0.0005)
    (-0.5300324232 -0.5958087801 -0.0005)
    (-0.5282212392 -0.5962474987 0.0005)
    (-0.5282212392 -0.5962474987 -0.0005)
    (-0.5264100552 -0.5966862175 0.0005)
    (-0.5264100552 -0.5966862175 -0.0005)
    (-0.5245988712 -0.5971249362 0.0005)
    (-0.5245988712 -0.5971249362 -0.0005)
    (-0.5227859351 -0.5975562125 0.0005)
    (-0.5227859351 -0.5975562125 -0.0005)
    (-0.5209702429 -0.5979757802 0.0005)
    (-0.5209702429 -0.5979757802 -0.0005)
    (-0.5191535463 -0.5983910817 0.0005)
    (-0.5191535463 -0.5983910817 -0.0005)
    (-0.5173368498 -0.5988063832 0.0005)
    (-0.5173368498 -0.5988063832 -0.0005)
    (-0.5155201533 -0.5992216848 0.0005)
    (-0.5155201533 -0.5992216848 -0.0005)
    (-0.5137034567 -0.5996369862 0.0005)
    (-0.5137034567 -0.5996369862 -0.0005)
    (-0.5118867602 -0.6000522878 0.0005)
    (-0.5118867602 -0.6000522878 -0.0005)
    (-0.5100700636 -0.6004675893 0.0005)
    (-0.5100700636 -0.6004675893 -0.0005)
    (-0.5082527193 -0.6008799986 0.0005)
    (-0.5082527193 -0.6008799986 -0.0005)
    (-0.5064335845 -0.6012844144 0.0005)
    (-0.5064335845 -0.6012844144 -0.0005)
    (-0.5046133072 -0.6016837289 0.0005)
    (-0.5046133072 -0.6016837289 -0.0005)
    (-0.5027930298 -0.6020830433 0.0005)
    (-0.5027930298 -0.6020830433 -0.0005)
    (-0.5009712977 -0.6024755818 0.0005)
    (-0.5009712977 -0.6024755818 -0.0005)
    (-0.4991478148 -0.6028599646 0.0005)
    (-0.4991478148 -0.6028599646 -0.0005)
    (-0.4973240356 -0.6032429674 0.0005)
    (-0.4973240356 -0.6032429674 -0.0005)
    (-0.4955002565 -0.6036259702 0.0005)
    (-0.4955002565 -0.6036259702 -0.0005)
    (-0.4936764773 -0.6040089731 0.0005)
    (-0.4936764773 -0.6040089731 -0.0005)
    (-0.4918526981 -0.6043919759 0.0005)
    (-0.4918526981 -0.6043919759 -0.0005)
    (-0.490028919 -0.6047749788 0.0005)
    (-0.490028919 -0.6047749788 -0.0005)
    (-0.4882040618 -0.6051527253 0.0005)
    (-0.4882040618 -0.6051527253 -0.0005)
    (-0.4863774366 -0.6055218509 0.0005)
    (-0.4863774366 -0.6055218509 -0.0005)
)
