950
(
    (-0.004232802929 0.08076433574 0.0005)
    (-0.004234028524 0.08078297881 0.0005)
    (-0.004235270503 0.0808018711 0.0005)
    (-0.004236529084 0.08082101593 0.0005)
    (-0.004237804489 0.08084041669 0.0005)
    (-0.004239096943 0.08086007678 0.0005)
    (-0.004240406674 0.08087999968 0.0005)
    (-0.004241733913 0.0809001889 0.0005)
    (-0.004243078894 0.08092064799 0.0005)
    (-0.004244441853 0.08094138058 0.0005)
    (-0.004245823033 0.08096239031 0.0005)
    (-0.004247222675 0.08098368089 0.0005)
    (-0.004248641027 0.08100525608 0.0005)
    (-0.004250078339 0.08102711966 0.0005)
    (-0.004251534864 0.08104927552 0.0005)
    (-0.00425301086 0.08107172754 0.0005)
    (-0.004254506585 0.08109447969 0.0005)
    (-0.004256022306 0.08111753599 0.0005)
    (-0.004257558288 0.08114090049 0.0005)
    (-0.004259114801 0.08116457731 0.0005)
    (-0.004260692122 0.08118857063 0.0005)
    (-0.004262290527 0.08121288469 0.0005)
    (-0.0042639103 0.08123752376 0.0005)
    (-0.004265551725 0.0812624922 0.0005)
    (-0.004267215091 0.08128779441 0.0005)
    (-0.004268900693 0.08131343485 0.0005)
    (-0.004270608826 0.08133941803 0.0005)
    (-0.004272339794 0.08136574855 0.0005)
    (-0.0042740939 0.08139243104 0.0005)
    (-0.004275871455 0.0814194702 0.0005)
    (-0.004277672771 0.08144687082 0.0005)
    (-0.004279498167 0.08147463773 0.0005)
    (-0.004281347963 0.0815027758 0.0005)
    (-0.004283222486 0.08153129001 0.0005)
    (-0.004285122068 0.08156018538 0.0005)
    (-0.004287047042 0.08158946701 0.0005)
    (-0.004288997748 0.08161914006 0.0005)
    (-0.004290974529 0.08164920978 0.0005)
    (-0.004292977737 0.08167968145 0.0005)
    (-0.004295007722 0.08171056046 0.0005)
    (-0.004297064844 0.08174185224 0.0005)
    (-0.004299149463 0.08177356231 0.0005)
    (-0.004301261948 0.08180569628 0.0005)
    (-0.004303402673 0.08183825979 0.0005)
    (-0.004305572014 0.0818712586 0.0005)
    (-0.004307770354 0.08190469852 0.0005)
    (-0.00430999808 0.08193858545 0.0005)
    (-0.004312255585 0.08197292537 0.0005)
    (-0.004314543268 0.08200772432 0.0005)
    (-0.004316861532 0.08204298845 0.0005)
    (-0.004319210784 0.08207872398 0.0005)
    (-0.004321591441 0.08211493721 0.0005)
    (-0.004324003921 0.08215163452 0.0005)
    (-0.00432644865 0.08218882237 0.0005)
    (-0.004328926059 0.08222650734 0.0005)
    (-0.004331436585 0.08226469607 0.0005)
    (-0.004333980671 0.08230339528 0.0005)
    (-0.004336558765 0.08234261181 0.0005)
    (-0.004339171321 0.08238235256 0.0005)
    (-0.004341818801 0.08242262456 0.0005)
    (-0.004344501672 0.08246343489 0.0005)
    (-0.004347220405 0.08250479076 0.0005)
    (-0.004349975482 0.08254669945 0.0005)
    (-0.004352767387 0.08258916836 0.0005)
    (-0.004355596613 0.08263220498 0.0005)
    (-0.004358463659 0.08267581689 0.0005)
    (-0.004361369031 0.08272001178 0.0005)
    (-0.004364313239 0.08276479745 0.0005)
    (-0.004367296805 0.08281018179 0.0005)
    (-0.004370320254 0.08285617282 0.0005)
    (-0.004373384118 0.08290277862 0.0005)
    (-0.00437648894 0.08295000744 0.0005)
    (-0.004379635265 0.08299786758 0.0005)
    (-0.004382823648 0.0830463675 0.0005)
    (-0.004386054653 0.08309551575 0.0005)
    (-0.004389328849 0.08314532099 0.0005)
    (-0.004392646812 0.083195792 0.0005)
    (-0.004396009128 0.08324693768 0.0005)
    (-0.00439941639 0.08329876706 0.0005)
    (-0.004402869199 0.08335128927 0.0005)
    (-0.004406368163 0.08340451357 0.0005)
    (-0.0044099139 0.08345844935 0.0005)
    (-0.004413507036 0.08351310612 0.0005)
    (-0.004417148202 0.08356849352 0.0005)
    (-0.004420838042 0.08362462131 0.0005)
    (-0.004424577205 0.08368149939 0.0005)
    (-0.004428366353 0.0837391378 0.0005)
    (-0.004432206152 0.08379754668 0.0005)
    (-0.004436097279 0.08385673635 0.0005)
    (-0.004440040421 0.08391671724 0.0005)
    (-0.004444036275 0.08397749993 0.0005)
    (-0.004448085542 0.08403909513 0.0005)
    (-0.004452188938 0.08410151371 0.0005)
    (-0.004456347187 0.08416476668 0.0005)
    (-0.004460561021 0.08422886518 0.0005)
    (-0.004464831183 0.08429382052 0.0005)
    (-0.004469158427 0.08435964415 0.0005)
    (-0.004473543516 0.08442634768 0.0005)
    (-0.004477987223 0.08449394289 0.0005)
    (-0.004482490331 0.08456244167 0.0005)
    (-0.004487053635 0.0846318561 0.0005)
    (-0.004491677939 0.08470219845 0.0005)
    (-0.004496364059 0.08477348109 0.0005)
    (-0.00450111282 0.08484571661 0.0005)
    (-0.004505925061 0.08491891774 0.0005)
    (-0.00451080163 0.08499309739 0.0005)
    (-0.004515743386 0.08506826864 0.0005)
    (-0.004520751202 0.08514444474 0.0005)
    (-0.00452582596 0.08522163914 0.0005)
    (-0.004530968554 0.08529986544 0.0005)
    (-0.004536179894 0.08537913743 0.0005)
    (-0.004541460895 0.08545946908 0.0005)
    (-0.00454681249 0.08554087458 0.0005)
    (-0.004552235624 0.08562336827 0.0005)
    (-0.004557731252 0.0857069647 0.0005)
    (-0.004563300342 0.08579167861 0.0005)
    (-0.004568943877 0.08587752494 0.0005)
    (-0.004574662854 0.08596451882 0.0005)
    (-0.004580458278 0.08605267559 0.0005)
    (-0.004586331173 0.0861420108 0.0005)
    (-0.004592282575 0.08623254021 0.0005)
    (-0.004598313531 0.08632427977 0.0005)
    (-0.004604425107 0.08641724567 0.0005)
    (-0.00461061838 0.08651145428 0.0005)
    (-0.004616894442 0.08660692224 0.0005)
    (-0.004623254399 0.08670366638 0.0005)
    (-0.004629699374 0.08680170374 0.0005)
    (-0.004636230501 0.08690105163 0.0005)
    (-0.004642848934 0.08700172756 0.0005)
    (-0.00464955584 0.08710374926 0.0005)
    (-0.004656352399 0.08720713475 0.0005)
    (-0.004663239813 0.08731190226 0.0005)
    (-0.004670219294 0.08741807025 0.0005)
    (-0.004677292073 0.08752565744 0.0005)
    (-0.004684459399 0.08763468281 0.0005)
    (-0.004691722534 0.08774516558 0.0005)
    (-0.004699082759 0.08785712524 0.0005)
    (-0.004706541373 0.08797058152 0.0005)
    (-0.00471409969 0.08808555444 0.0005)
    (-0.004721759043 0.08820206426 0.0005)
    (-0.004729520782 0.08832013153 0.0005)
    (-0.004737386278 0.08843977707 0.0005)
    (-0.004745356916 0.08856102197 0.0005)
    (-0.004753434102 0.08868388763 0.0005)
    (-0.004761619259 0.0888083957 0.0005)
    (-0.004769913833 0.08893456814 0.0005)
    (-0.004778319284 0.08906242719 0.0005)
    (-0.004786837095 0.0891919954 0.0005)
    (-0.004795468769 0.08932329562 0.0005)
    (-0.004804215827 0.089456351 0.0005)
    (-0.004813079813 0.08959118501 0.0005)
    (-0.004822062287 0.08972782142 0.0005)
    (-0.004831164835 0.08986628433 0.0005)
    (-0.004840389062 0.09000659815 0.0005)
    (-0.004849736595 0.09014878761 0.0005)
    (-0.004859209081 0.0902928778 0.0005)
    (-0.00486880819 0.09043889412 0.0005)
    (-0.004878535617 0.09058686232 0.0005)
    (-0.004888393075 0.0907368085 0.0005)
    (-0.004898382304 0.09088875908 0.0005)
    (-0.004908505064 0.09104274087 0.0005)
    (-0.00491876314 0.09119878103 0.0005)
    (-0.004929158341 0.09135690706 0.0005)
    (-0.004939692501 0.09151714684 0.0005)
    (-0.004950367478 0.09167952863 0.0005)
    (-0.004961185151 0.09184408108 0.0005)
    (-0.004972147431 0.09201083319 0.0005)
    (-0.00498325625 0.09217981436 0.0005)
    (-0.004994513566 0.09235105439 0.0005)
    (-0.005005921366 0.0925245835 0.0005)
    (-0.005017481659 0.09270043225 0.0005)
    (-0.005029196485 0.09287863167 0.0005)
    (-0.00504106791 0.09305921318 0.0005)
    (-0.005053098026 0.09324220863 0.0005)
    (-0.005065288956 0.09342765027 0.0005)
    (-0.005077642848 0.09361557081 0.0005)
    (-0.005090161883 0.09380600339 0.0005)
    (-0.005102848265 0.09399898159 0.0005)
    (-0.005115704234 0.09419453943 0.0005)
    (-0.005128732055 0.0943927114 0.0005)
    (-0.005141934026 0.09459353245 0.0005)
    (-0.005155312475 0.09479703798 0.0005)
    (-0.005168869761 0.09500326388 0.0005)
    (-0.005182608275 0.09521224652 0.0005)
    (-0.00519653044 0.09542402274 0.0005)
    (-0.005210638709 0.09563862988 0.0005)
    (-0.005224935572 0.09585610581 0.0005)
    (-0.005239423548 0.09607648885 0.0005)
    (-0.005254105193 0.09629981786 0.0005)
    (-0.005268983095 0.09652613225 0.0005)
    (-0.005284059879 0.09675547191 0.0005)
    (-0.005299338203 0.09698787726 0.0005)
    (-0.00531482076 0.09722338932 0.0005)
    (-0.005330510281 0.09746204958 0.0005)
    (-0.005346409532 0.09770390015 0.0005)
    (-0.005362521318 0.09794898368 0.0005)
    (-0.005378848478 0.09819734336 0.0005)
    (-0.005395393893 0.09844902301 0.0005)
    (-0.005412160479 0.09870406699 0.0005)
    (-0.005429151193 0.09896252029 0.0005)
    (-0.005446369032 0.09922442848 0.0005)
    (-0.00546381703 0.09948983774 0.0005)
    (-0.005481498266 0.09975879486 0.0005)
    (-0.005499415857 0.1000313473 0.0005)
    (-0.005517572961 0.1003075431 0.0005)
    (-0.005535972782 0.1005874309 0.0005)
    (-0.005554618564 0.1008710602 0.0005)
    (-0.005573513594 0.1011584808 0.0005)
    (-0.005592661204 0.1014497436 0.0005)
    (-0.00561206477 0.1017448999 0.0005)
    (-0.005631727715 0.1020440017 0.0005)
    (-0.005651653505 0.1023471017 0.0005)
    (-0.005671845653 0.1026542534 0.0005)
    (-0.005692307722 0.1029655111 0.0005)
    (-0.005713043318 0.1032809295 0.0005)
    (-0.005734056098 0.1036005641 0.0005)
    (-0.005755349768 0.1039244716 0.0005)
    (-0.005776928082 0.1042527089 0.0005)
    (-0.005798794844 0.1045853339 0.0005)
    (-0.005820953913 0.1049224054 0.0005)
    (-0.005843409193 0.1052639827 0.0005)
    (-0.005866164645 0.1056101259 0.0005)
    (-0.005889224282 0.1059608963 0.0005)
    (-0.00591259217 0.1063163556 0.0005)
    (-0.005936272429 0.1066765666 0.0005)
    (-0.005960269236 0.1070415926 0.0005)
    (-0.00598458682 0.1074114982 0.0005)
    (-0.006009229471 0.1077863485 0.0005)
    (-0.006034201534 0.1081662096 0.0005)
    (-0.006059507412 0.1085511486 0.0005)
    (-0.006085151568 0.1089412332 0.0005)
    (-0.006111138523 0.1093365323 0.0005)
    (-0.00613747286 0.1097371157 0.0005)
    (-0.006164159223 0.1101430537 0.0005)
    (-0.006191202317 0.1105544182 0.0005)
    (-0.00621860691 0.1109712817 0.0005)
    (-0.006246377836 0.1113937176 0.0005)
    (-0.006274519991 0.1118218004 0.0005)
    (-0.006303038338 0.1122556056 0.0005)
    (-0.006331937905 0.1126952097 0.0005)
    (-0.006361223789 0.1131406903 0.0005)
    (-0.006390901153 0.1135921259 0.0005)
    (-0.006420975231 0.114049596 0.0005)
    (-0.006451451325 0.1145131815 0.0005)
    (-0.00648233481 0.1149829639 0.0005)
    (-0.006513631131 0.1154590261 0.0005)
    (-0.006545345808 0.1159414521 0.0005)
    (-0.006577484431 0.116430327 0.0005)
    (-0.00661005267 0.1169257369 0.0005)
    (-0.006643056266 0.1174277692 0.0005)
    (-0.006676501039 0.1179365126 0.0005)
    (-0.006710392887 0.1184520565 0.0005)
    (-0.006744737785 0.118974492 0.0005)
    (-0.006779541791 0.1195039112 0.0005)
    (-0.006814811041 0.1200404074 0.0005)
    (-0.006850551755 0.1205840753 0.0005)
    (-0.006886770234 0.1211350106 0.0005)
    (-0.006923472865 0.1216933106 0.0005)
    (-0.00696066612 0.1222590738 0.0005)
    (-0.006998356559 0.1228323998 0.0005)
    (-0.007036550826 0.1234133897 0.0005)
    (-0.007075255657 0.124002146 0.0005)
    (-0.007114477876 0.1245987727 0.0005)
    (-0.007154224401 0.1252033747 0.0005)
    (-0.007194502238 0.1258160588 0.0005)
    (-0.007235318492 0.1264369329 0.0005)
    (-0.007276680359 0.1270661067 0.0005)
    (-0.007318595133 0.1277036909 0.0005)
    (-0.007361070204 0.1283497981 0.0005)
    (-0.007404113063 0.1290045421 0.0005)
    (-0.0074477313 0.1296680384 0.0005)
    (-0.007491932606 0.1303404041 0.0005)
    (-0.007536724774 0.1310217577 0.0005)
    (-0.007582115705 0.1317122192 0.0005)
    (-0.0076281134 0.1324119106 0.0005)
    (-0.007674725972 0.1331209551 0.0005)
    (-0.00772196164 0.1338394778 0.0005)
    (-0.007769828733 0.1345676054 0.0005)
    (-0.007818335691 0.1353054663 0.0005)
    (-0.007867491068 0.1360531906 0.0005)
    (-0.007917303533 0.1368109101 0.0005)
    (-0.007967781868 0.1375787585 0.0005)
    (-0.008018934974 0.1383568711 0.0005)
    (-0.008070771873 0.1391453852 0.0005)
    (-0.008123301704 0.1399444397 0.0005)
    (-0.008176533729 0.1407541757 0.0005)
    (-0.008230477336 0.1415747359 0.0005)
    (-0.008285142036 0.1424062649 0.0005)
    (-0.00834053747 0.1432489094 0.0005)
    (-0.008396673406 0.144102818 0.0005)
    (-0.008453559741 0.1449681413 0.0005)
    (-0.008511206506 0.1458450319 0.0005)
    (-0.008569623868 0.1467336443 0.0005)
    (-0.008628822126 0.1476341354 0.0005)
    (-0.008688811721 0.1485466637 0.0005)
    (-0.008749603229 0.1494713903 0.0005)
    (-0.00881120737 0.1504084782 0.0005)
    (-0.008873635008 0.1513580927 0.0005)
    (-0.00893689715 0.1523204013 0.0005)
    (-0.009001004952 0.1532955735 0.0005)
    (-0.009065969718 0.1542837814 0.0005)
    (-0.009131802903 0.1552851992 0.0005)
    (-0.009198516117 0.1563000035 0.0005)
    (-0.009266121123 0.1573283732 0.0005)
    (-0.009334629842 0.1583704898 0.0005)
    (-0.009404054355 0.1594265369 0.0005)
    (-0.009474406903 0.1604967007 0.0005)
    (-0.009545699893 0.1615811701 0.0005)
    (-0.009617945895 0.1626801361 0.0005)
    (-0.009691157649 0.1637937926 0.0005)
    (-0.009765348064 0.1649223359 0.0005)
    (-0.009840530223 0.1660659651 0.0005)
    (-0.009916717384 0.1672248818 0.0005)
    (-0.009993922981 0.1683992904 0.0005)
    (-0.01007216062 0.169589398 0.0005)
    (-0.01015144411 0.1707954144 0.0005)
    (-0.01023178744 0.1720175523 0.0005)
    (-0.01031320475 0.1732560271 0.0005)
    (-0.0103957104 0.1745110573 0.0005)
    (-0.01047931897 0.1757828642 0.0005)
    (-0.01056404516 0.177071672 0.0005)
    (-0.01064990395 0.1783777081 0.0005)
    (-0.01073691044 0.1797012026 0.0005)
    (-0.01082508001 0.1810423891 0.0005)
    (-0.01091442819 0.1824015039 0.0005)
    (-0.01100497074 0.1837787866 0.0005)
    (-0.01109672361 0.1851744804 0.0005)
    (-0.01118970299 0.1865888311 0.0005)
    (-0.01128392529 0.1880220882 0.0005)
    (-0.0113794071 0.1894745045 0.0005)
    (-0.01147616528 0.190946336 0.0005)
    (-0.01157421687 0.1924378422 0.0005)
    (-0.01167357916 0.1939492863 0.0005)
    (-0.01177426969 0.1954809347 0.0005)
    (-0.01187630621 0.1970330574 0.0005)
    (-0.0119797067 0.1986059283 0.0005)
    (-0.01208448941 0.2001998245 0.0005)
    (-0.01219067281 0.2018150273 0.0005)
    (-0.01229827561 0.2034518212 0.0005)
    (-0.0124073168 0.2051104952 0.0005)
    (-0.01251781561 0.2067913416 0.0005)
    (-0.0126297915 0.2084946568 0.0005)
    (-0.01274326425 0.2102207411 0.0005)
    (-0.01285825385 0.2119698989 0.0005)
    (-0.01297478057 0.2137424386 0.0005)
    (-0.01309286498 0.2155386729 0.0005)
    (-0.01321252788 0.2173589184 0.0005)
    (-0.01333379039 0.2192034962 0.0005)
    (-0.01345667387 0.2210727314 0.0005)
    (-0.01358120001 0.2229669538 0.0005)
    (-0.01370739075 0.2248864972 0.0005)
    (-0.01383526835 0.2268317002 0.0005)
    (-0.01396485537 0.2288029058 0.0005)
    (-0.01409617464 0.2308004616 0.0005)
    (-0.01422924933 0.2328247199 0.0005)
    (-0.01436410291 0.2348760374 0.0005)
    (-0.01450075915 0.2369547761 0.0005)
    (-0.01463924214 0.2390613025 0.0005)
    (-0.01477957631 0.2411959879 0.0005)
    (-0.01492178641 0.2433592088 0.0005)
    (-0.01506589751 0.2455513467 0.0005)
    (-0.01521193502 0.2477727881 0.0005)
    (-0.0153599247 0.2500239247 0.0005)
    (-0.01550989263 0.2523051535 0.0005)
    (-0.01566186527 0.2546168767 0.0005)
    (-0.01581586941 0.2569595021 0.0005)
    (-0.0159719322 0.2593334425 0.0005)
    (-0.01613008117 0.2617391167 0.0005)
    (-0.01629034421 0.2641769489 0.0005)
    (-0.01645274957 0.2666473689 0.0005)
    (-0.01661732588 0.2691508124 0.0005)
    (-0.01678410219 0.2716877209 0.0005)
    (-0.01695310788 0.2742585415 0.0005)
    (-0.01712437277 0.2768637277 0.0005)
    (-0.01729792705 0.2795037388 0.0005)
    (-0.01747380132 0.2821790404 0.0005)
    (-0.0176520266 0.2848901044 0.0005)
    (-0.01783263431 0.2876374085 0.0005)
    (-0.01801565631 0.2904214373 0.0005)
    (-0.01820112487 0.2932426818 0.0005)
    (-0.01838907267 0.2961016394 0.0005)
    (-0.01857953289 0.2989988143 0.0005)
    (-0.01877253909 0.3019347173 0.0005)
    (-0.01896812531 0.3049098661 0.0005)
    (-0.01916632604 0.3079247854 0.0005)
    (-0.01936717623 0.3109800067 0.0005)
    (-0.01957071129 0.3140760689 0.0005)
    (-0.01977696711 0.3172135178 0.0005)
    (-0.01998598007 0.3203929067 0.0005)
    (-0.02019778702 0.3236147963 0.0005)
    (-0.02041242531 0.3268797546 0.0005)
    (-0.02062993279 0.3301883575 0.0005)
    (-0.02085034781 0.3335411882 0.0005)
    (-0.02107370924 0.336938838 0.0005)
    (-0.02130005646 0.3403819061 0.0005)
    (-0.0215294294 0.3438709996 0.0005)
    (-0.02176186848 0.3474067336 0.0005)
    (-0.0219974147 0.3509897319 0.0005)
    (-0.02223610961 0.3546206259 0.0005)
    (-0.02247799527 0.3583000562 0.0005)
    (-0.004232802929 0.08076433574 -0.0005)
    (-0.004234028524 0.08078297881 -0.0005)
    (-0.004235270503 0.0808018711 -0.0005)
    (-0.004236529084 0.08082101593 -0.0005)
    (-0.004237804489 0.08084041669 -0.0005)
    (-0.004239096943 0.08086007678 -0.0005)
    (-0.004240406674 0.08087999968 -0.0005)
    (-0.004241733913 0.0809001889 -0.0005)
    (-0.004243078894 0.08092064799 -0.0005)
    (-0.004244441853 0.08094138058 -0.0005)
    (-0.004245823033 0.08096239031 -0.0005)
    (-0.004247222675 0.08098368089 -0.0005)
    (-0.004248641027 0.08100525608 -0.0005)
    (-0.004250078339 0.08102711966 -0.0005)
    (-0.004251534864 0.08104927552 -0.0005)
    (-0.00425301086 0.08107172754 -0.0005)
    (-0.004254506585 0.08109447969 -0.0005)
    (-0.004256022306 0.08111753599 -0.0005)
    (-0.004257558288 0.08114090049 -0.0005)
    (-0.004259114801 0.08116457731 -0.0005)
    (-0.004260692122 0.08118857063 -0.0005)
    (-0.004262290527 0.08121288469 -0.0005)
    (-0.0042639103 0.08123752376 -0.0005)
    (-0.004265551725 0.0812624922 -0.0005)
    (-0.004267215091 0.08128779441 -0.0005)
    (-0.004268900693 0.08131343485 -0.0005)
    (-0.004270608826 0.08133941803 -0.0005)
    (-0.004272339794 0.08136574855 -0.0005)
    (-0.0042740939 0.08139243104 -0.0005)
    (-0.004275871455 0.0814194702 -0.0005)
    (-0.004277672771 0.08144687082 -0.0005)
    (-0.004279498167 0.08147463773 -0.0005)
    (-0.004281347963 0.0815027758 -0.0005)
    (-0.004283222486 0.08153129001 -0.0005)
    (-0.004285122068 0.08156018538 -0.0005)
    (-0.004287047042 0.08158946701 -0.0005)
    (-0.004288997748 0.08161914006 -0.0005)
    (-0.004290974529 0.08164920978 -0.0005)
    (-0.004292977737 0.08167968145 -0.0005)
    (-0.004295007722 0.08171056046 -0.0005)
    (-0.004297064844 0.08174185224 -0.0005)
    (-0.004299149463 0.08177356231 -0.0005)
    (-0.004301261948 0.08180569628 -0.0005)
    (-0.004303402673 0.08183825979 -0.0005)
    (-0.004305572014 0.0818712586 -0.0005)
    (-0.004307770354 0.08190469852 -0.0005)
    (-0.00430999808 0.08193858545 -0.0005)
    (-0.004312255585 0.08197292537 -0.0005)
    (-0.004314543268 0.08200772432 -0.0005)
    (-0.004316861532 0.08204298845 -0.0005)
    (-0.004319210784 0.08207872398 -0.0005)
    (-0.004321591441 0.08211493721 -0.0005)
    (-0.004324003921 0.08215163452 -0.0005)
    (-0.00432644865 0.08218882237 -0.0005)
    (-0.004328926059 0.08222650734 -0.0005)
    (-0.004331436585 0.08226469607 -0.0005)
    (-0.004333980671 0.08230339528 -0.0005)
    (-0.004336558765 0.08234261181 -0.0005)
    (-0.004339171321 0.08238235256 -0.0005)
    (-0.004341818801 0.08242262456 -0.0005)
    (-0.004344501672 0.08246343489 -0.0005)
    (-0.004347220405 0.08250479076 -0.0005)
    (-0.004349975482 0.08254669945 -0.0005)
    (-0.004352767387 0.08258916836 -0.0005)
    (-0.004355596613 0.08263220498 -0.0005)
    (-0.004358463659 0.08267581689 -0.0005)
    (-0.004361369031 0.08272001178 -0.0005)
    (-0.004364313239 0.08276479745 -0.0005)
    (-0.004367296805 0.08281018179 -0.0005)
    (-0.004370320254 0.08285617282 -0.0005)
    (-0.004373384118 0.08290277862 -0.0005)
    (-0.00437648894 0.08295000744 -0.0005)
    (-0.004379635265 0.08299786758 -0.0005)
    (-0.004382823648 0.0830463675 -0.0005)
    (-0.004386054653 0.08309551575 -0.0005)
    (-0.004389328849 0.08314532099 -0.0005)
    (-0.004392646812 0.083195792 -0.0005)
    (-0.004396009128 0.08324693768 -0.0005)
    (-0.00439941639 0.08329876706 -0.0005)
    (-0.004402869199 0.08335128927 -0.0005)
    (-0.004406368163 0.08340451357 -0.0005)
    (-0.0044099139 0.08345844935 -0.0005)
    (-0.004413507036 0.08351310612 -0.0005)
    (-0.004417148202 0.08356849352 -0.0005)
    (-0.004420838042 0.08362462131 -0.0005)
    (-0.004424577205 0.08368149939 -0.0005)
    (-0.004428366353 0.0837391378 -0.0005)
    (-0.004432206152 0.08379754668 -0.0005)
    (-0.004436097279 0.08385673635 -0.0005)
    (-0.004440040421 0.08391671724 -0.0005)
    (-0.004444036275 0.08397749993 -0.0005)
    (-0.004448085542 0.08403909513 -0.0005)
    (-0.004452188938 0.08410151371 -0.0005)
    (-0.004456347187 0.08416476668 -0.0005)
    (-0.004460561021 0.08422886518 -0.0005)
    (-0.004464831183 0.08429382052 -0.0005)
    (-0.004469158427 0.08435964415 -0.0005)
    (-0.004473543516 0.08442634768 -0.0005)
    (-0.004477987223 0.08449394289 -0.0005)
    (-0.004482490331 0.08456244167 -0.0005)
    (-0.004487053635 0.0846318561 -0.0005)
    (-0.004491677939 0.08470219845 -0.0005)
    (-0.004496364059 0.08477348109 -0.0005)
    (-0.00450111282 0.08484571661 -0.0005)
    (-0.004505925061 0.08491891774 -0.0005)
    (-0.00451080163 0.08499309739 -0.0005)
    (-0.004515743386 0.08506826864 -0.0005)
    (-0.004520751202 0.08514444474 -0.0005)
    (-0.00452582596 0.08522163914 -0.0005)
    (-0.004530968554 0.08529986544 -0.0005)
    (-0.004536179894 0.08537913743 -0.0005)
    (-0.004541460895 0.08545946908 -0.0005)
    (-0.00454681249 0.08554087458 -0.0005)
    (-0.004552235624 0.08562336827 -0.0005)
    (-0.004557731252 0.0857069647 -0.0005)
    (-0.004563300342 0.08579167861 -0.0005)
    (-0.004568943877 0.08587752494 -0.0005)
    (-0.004574662854 0.08596451882 -0.0005)
    (-0.004580458278 0.08605267559 -0.0005)
    (-0.004586331173 0.0861420108 -0.0005)
    (-0.004592282575 0.08623254021 -0.0005)
    (-0.004598313531 0.08632427977 -0.0005)
    (-0.004604425107 0.08641724567 -0.0005)
    (-0.00461061838 0.08651145428 -0.0005)
    (-0.004616894442 0.08660692224 -0.0005)
    (-0.004623254399 0.08670366638 -0.0005)
    (-0.004629699374 0.08680170374 -0.0005)
    (-0.004636230501 0.08690105163 -0.0005)
    (-0.004642848934 0.08700172756 -0.0005)
    (-0.00464955584 0.08710374926 -0.0005)
    (-0.004656352399 0.08720713475 -0.0005)
    (-0.004663239813 0.08731190226 -0.0005)
    (-0.004670219294 0.08741807025 -0.0005)
    (-0.004677292073 0.08752565744 -0.0005)
    (-0.004684459399 0.08763468281 -0.0005)
    (-0.004691722534 0.08774516558 -0.0005)
    (-0.004699082759 0.08785712524 -0.0005)
    (-0.004706541373 0.08797058152 -0.0005)
    (-0.00471409969 0.08808555444 -0.0005)
    (-0.004721759043 0.08820206426 -0.0005)
    (-0.004729520782 0.08832013153 -0.0005)
    (-0.004737386278 0.08843977707 -0.0005)
    (-0.004745356916 0.08856102197 -0.0005)
    (-0.004753434102 0.08868388763 -0.0005)
    (-0.004761619259 0.0888083957 -0.0005)
    (-0.004769913833 0.08893456814 -0.0005)
    (-0.004778319284 0.08906242719 -0.0005)
    (-0.004786837095 0.0891919954 -0.0005)
    (-0.004795468769 0.08932329562 -0.0005)
    (-0.004804215827 0.089456351 -0.0005)
    (-0.004813079813 0.08959118501 -0.0005)
    (-0.004822062287 0.08972782142 -0.0005)
    (-0.004831164835 0.08986628433 -0.0005)
    (-0.004840389062 0.09000659815 -0.0005)
    (-0.004849736595 0.09014878761 -0.0005)
    (-0.004859209081 0.0902928778 -0.0005)
    (-0.00486880819 0.09043889412 -0.0005)
    (-0.004878535617 0.09058686232 -0.0005)
    (-0.004888393075 0.0907368085 -0.0005)
    (-0.004898382304 0.09088875908 -0.0005)
    (-0.004908505064 0.09104274087 -0.0005)
    (-0.00491876314 0.09119878103 -0.0005)
    (-0.004929158341 0.09135690706 -0.0005)
    (-0.004939692501 0.09151714684 -0.0005)
    (-0.004950367478 0.09167952863 -0.0005)
    (-0.004961185151 0.09184408108 -0.0005)
    (-0.004972147431 0.09201083319 -0.0005)
    (-0.00498325625 0.09217981436 -0.0005)
    (-0.004994513566 0.09235105439 -0.0005)
    (-0.005005921366 0.0925245835 -0.0005)
    (-0.005017481659 0.09270043225 -0.0005)
    (-0.005029196485 0.09287863167 -0.0005)
    (-0.00504106791 0.09305921318 -0.0005)
    (-0.005053098026 0.09324220863 -0.0005)
    (-0.005065288956 0.09342765027 -0.0005)
    (-0.005077642848 0.09361557081 -0.0005)
    (-0.005090161883 0.09380600339 -0.0005)
    (-0.005102848265 0.09399898159 -0.0005)
    (-0.005115704234 0.09419453943 -0.0005)
    (-0.005128732055 0.0943927114 -0.0005)
    (-0.005141934026 0.09459353245 -0.0005)
    (-0.005155312475 0.09479703798 -0.0005)
    (-0.005168869761 0.09500326388 -0.0005)
    (-0.005182608275 0.09521224652 -0.0005)
    (-0.00519653044 0.09542402274 -0.0005)
    (-0.005210638709 0.09563862988 -0.0005)
    (-0.005224935572 0.09585610581 -0.0005)
    (-0.005239423548 0.09607648885 -0.0005)
    (-0.005254105193 0.09629981786 -0.0005)
    (-0.005268983095 0.09652613225 -0.0005)
    (-0.005284059879 0.09675547191 -0.0005)
    (-0.005299338203 0.09698787726 -0.0005)
    (-0.00531482076 0.09722338932 -0.0005)
    (-0.005330510281 0.09746204958 -0.0005)
    (-0.005346409532 0.09770390015 -0.0005)
    (-0.005362521318 0.09794898368 -0.0005)
    (-0.005378848478 0.09819734336 -0.0005)
    (-0.005395393893 0.09844902301 -0.0005)
    (-0.005412160479 0.09870406699 -0.0005)
    (-0.005429151193 0.09896252029 -0.0005)
    (-0.005446369032 0.09922442848 -0.0005)
    (-0.00546381703 0.09948983774 -0.0005)
    (-0.005481498266 0.09975879486 -0.0005)
    (-0.005499415857 0.1000313473 -0.0005)
    (-0.005517572961 0.1003075431 -0.0005)
    (-0.005535972782 0.1005874309 -0.0005)
    (-0.005554618564 0.1008710602 -0.0005)
    (-0.005573513594 0.1011584808 -0.0005)
    (-0.005592661204 0.1014497436 -0.0005)
    (-0.00561206477 0.1017448999 -0.0005)
    (-0.005631727715 0.1020440017 -0.0005)
    (-0.005651653505 0.1023471017 -0.0005)
    (-0.005671845653 0.1026542534 -0.0005)
    (-0.005692307722 0.1029655111 -0.0005)
    (-0.005713043318 0.1032809295 -0.0005)
    (-0.005734056098 0.1036005641 -0.0005)
    (-0.005755349768 0.1039244716 -0.0005)
    (-0.005776928082 0.1042527089 -0.0005)
    (-0.005798794844 0.1045853339 -0.0005)
    (-0.005820953913 0.1049224054 -0.0005)
    (-0.005843409193 0.1052639827 -0.0005)
    (-0.005866164645 0.1056101259 -0.0005)
    (-0.005889224282 0.1059608963 -0.0005)
    (-0.00591259217 0.1063163556 -0.0005)
    (-0.005936272429 0.1066765666 -0.0005)
    (-0.005960269236 0.1070415926 -0.0005)
    (-0.00598458682 0.1074114982 -0.0005)
    (-0.006009229471 0.1077863485 -0.0005)
    (-0.006034201534 0.1081662096 -0.0005)
    (-0.006059507412 0.1085511486 -0.0005)
    (-0.006085151568 0.1089412332 -0.0005)
    (-0.006111138523 0.1093365323 -0.0005)
    (-0.00613747286 0.1097371157 -0.0005)
    (-0.006164159223 0.1101430537 -0.0005)
    (-0.006191202317 0.1105544182 -0.0005)
    (-0.00621860691 0.1109712817 -0.0005)
    (-0.006246377836 0.1113937176 -0.0005)
    (-0.006274519991 0.1118218004 -0.0005)
    (-0.006303038338 0.1122556056 -0.0005)
    (-0.006331937905 0.1126952097 -0.0005)
    (-0.006361223789 0.1131406903 -0.0005)
    (-0.006390901153 0.1135921259 -0.0005)
    (-0.006420975231 0.114049596 -0.0005)
    (-0.006451451325 0.1145131815 -0.0005)
    (-0.00648233481 0.1149829639 -0.0005)
    (-0.006513631131 0.1154590261 -0.0005)
    (-0.006545345808 0.1159414521 -0.0005)
    (-0.006577484431 0.116430327 -0.0005)
    (-0.00661005267 0.1169257369 -0.0005)
    (-0.006643056266 0.1174277692 -0.0005)
    (-0.006676501039 0.1179365126 -0.0005)
    (-0.006710392887 0.1184520565 -0.0005)
    (-0.006744737785 0.118974492 -0.0005)
    (-0.006779541791 0.1195039112 -0.0005)
    (-0.006814811041 0.1200404074 -0.0005)
    (-0.006850551755 0.1205840753 -0.0005)
    (-0.006886770234 0.1211350106 -0.0005)
    (-0.006923472865 0.1216933106 -0.0005)
    (-0.00696066612 0.1222590738 -0.0005)
    (-0.006998356559 0.1228323998 -0.0005)
    (-0.007036550826 0.1234133897 -0.0005)
    (-0.007075255657 0.124002146 -0.0005)
    (-0.007114477876 0.1245987727 -0.0005)
    (-0.007154224401 0.1252033747 -0.0005)
    (-0.007194502238 0.1258160588 -0.0005)
    (-0.007235318492 0.1264369329 -0.0005)
    (-0.007276680359 0.1270661067 -0.0005)
    (-0.007318595133 0.1277036909 -0.0005)
    (-0.007361070204 0.1283497981 -0.0005)
    (-0.007404113063 0.1290045421 -0.0005)
    (-0.0074477313 0.1296680384 -0.0005)
    (-0.007491932606 0.1303404041 -0.0005)
    (-0.007536724774 0.1310217577 -0.0005)
    (-0.007582115705 0.1317122192 -0.0005)
    (-0.0076281134 0.1324119106 -0.0005)
    (-0.007674725972 0.1331209551 -0.0005)
    (-0.00772196164 0.1338394778 -0.0005)
    (-0.007769828733 0.1345676054 -0.0005)
    (-0.007818335691 0.1353054663 -0.0005)
    (-0.007867491068 0.1360531906 -0.0005)
    (-0.007917303533 0.1368109101 -0.0005)
    (-0.007967781868 0.1375787585 -0.0005)
    (-0.008018934974 0.1383568711 -0.0005)
    (-0.008070771873 0.1391453852 -0.0005)
    (-0.008123301704 0.1399444397 -0.0005)
    (-0.008176533729 0.1407541757 -0.0005)
    (-0.008230477336 0.1415747359 -0.0005)
    (-0.008285142036 0.1424062649 -0.0005)
    (-0.00834053747 0.1432489094 -0.0005)
    (-0.008396673406 0.144102818 -0.0005)
    (-0.008453559741 0.1449681413 -0.0005)
    (-0.008511206506 0.1458450319 -0.0005)
    (-0.008569623868 0.1467336443 -0.0005)
    (-0.008628822126 0.1476341354 -0.0005)
    (-0.008688811721 0.1485466637 -0.0005)
    (-0.008749603229 0.1494713903 -0.0005)
    (-0.00881120737 0.1504084782 -0.0005)
    (-0.008873635008 0.1513580927 -0.0005)
    (-0.00893689715 0.1523204013 -0.0005)
    (-0.009001004952 0.1532955735 -0.0005)
    (-0.009065969718 0.1542837814 -0.0005)
    (-0.009131802903 0.1552851992 -0.0005)
    (-0.009198516117 0.1563000035 -0.0005)
    (-0.009266121123 0.1573283732 -0.0005)
    (-0.009334629842 0.1583704898 -0.0005)
    (-0.009404054355 0.1594265369 -0.0005)
    (-0.009474406903 0.1604967007 -0.0005)
    (-0.009545699893 0.1615811701 -0.0005)
    (-0.009617945895 0.1626801361 -0.0005)
    (-0.009691157649 0.1637937926 -0.0005)
    (-0.009765348064 0.1649223359 -0.0005)
    (-0.009840530223 0.1660659651 -0.0005)
    (-0.009916717384 0.1672248818 -0.0005)
    (-0.009993922981 0.1683992904 -0.0005)
    (-0.01007216062 0.169589398 -0.0005)
    (-0.01015144411 0.1707954144 -0.0005)
    (-0.01023178744 0.1720175523 -0.0005)
    (-0.01031320475 0.1732560271 -0.0005)
    (-0.0103957104 0.1745110573 -0.0005)
    (-0.01047931897 0.1757828642 -0.0005)
    (-0.01056404516 0.177071672 -0.0005)
    (-0.01064990395 0.1783777081 -0.0005)
    (-0.01073691044 0.1797012026 -0.0005)
    (-0.01082508001 0.1810423891 -0.0005)
    (-0.01091442819 0.1824015039 -0.0005)
    (-0.01100497074 0.1837787866 -0.0005)
    (-0.01109672361 0.1851744804 -0.0005)
    (-0.01118970299 0.1865888311 -0.0005)
    (-0.01128392529 0.1880220882 -0.0005)
    (-0.0113794071 0.1894745045 -0.0005)
    (-0.01147616528 0.190946336 -0.0005)
    (-0.01157421687 0.1924378422 -0.0005)
    (-0.01167357916 0.1939492863 -0.0005)
    (-0.01177426969 0.1954809347 -0.0005)
    (-0.01187630621 0.1970330574 -0.0005)
    (-0.0119797067 0.1986059283 -0.0005)
    (-0.01208448941 0.2001998245 -0.0005)
    (-0.01219067281 0.2018150273 -0.0005)
    (-0.01229827561 0.2034518212 -0.0005)
    (-0.0124073168 0.2051104952 -0.0005)
    (-0.01251781561 0.2067913416 -0.0005)
    (-0.0126297915 0.2084946568 -0.0005)
    (-0.01274326425 0.2102207411 -0.0005)
    (-0.01285825385 0.2119698989 -0.0005)
    (-0.01297478057 0.2137424386 -0.0005)
    (-0.01309286498 0.2155386729 -0.0005)
    (-0.01321252788 0.2173589184 -0.0005)
    (-0.01333379039 0.2192034962 -0.0005)
    (-0.01345667387 0.2210727314 -0.0005)
    (-0.01358120001 0.2229669538 -0.0005)
    (-0.01370739075 0.2248864972 -0.0005)
    (-0.01383526835 0.2268317002 -0.0005)
    (-0.01396485537 0.2288029058 -0.0005)
    (-0.01409617464 0.2308004616 -0.0005)
    (-0.01422924933 0.2328247199 -0.0005)
    (-0.01436410291 0.2348760374 -0.0005)
    (-0.01450075915 0.2369547761 -0.0005)
    (-0.01463924214 0.2390613025 -0.0005)
    (-0.01477957631 0.2411959879 -0.0005)
    (-0.01492178641 0.2433592088 -0.0005)
    (-0.01506589751 0.2455513467 -0.0005)
    (-0.01521193502 0.2477727881 -0.0005)
    (-0.0153599247 0.2500239247 -0.0005)
    (-0.01550989263 0.2523051535 -0.0005)
    (-0.01566186527 0.2546168767 -0.0005)
    (-0.01581586941 0.2569595021 -0.0005)
    (-0.0159719322 0.2593334425 -0.0005)
    (-0.01613008117 0.2617391167 -0.0005)
    (-0.01629034421 0.2641769489 -0.0005)
    (-0.01645274957 0.2666473689 -0.0005)
    (-0.01661732588 0.2691508124 -0.0005)
    (-0.01678410219 0.2716877209 -0.0005)
    (-0.01695310788 0.2742585415 -0.0005)
    (-0.01712437277 0.2768637277 -0.0005)
    (-0.01729792705 0.2795037388 -0.0005)
    (-0.01747380132 0.2821790404 -0.0005)
    (-0.0176520266 0.2848901044 -0.0005)
    (-0.01783263431 0.2876374085 -0.0005)
    (-0.01801565631 0.2904214373 -0.0005)
    (-0.01820112487 0.2932426818 -0.0005)
    (-0.01838907267 0.2961016394 -0.0005)
    (-0.01857953289 0.2989988143 -0.0005)
    (-0.01877253909 0.3019347173 -0.0005)
    (-0.01896812531 0.3049098661 -0.0005)
    (-0.01916632604 0.3079247854 -0.0005)
    (-0.01936717623 0.3109800067 -0.0005)
    (-0.01957071129 0.3140760689 -0.0005)
    (-0.01977696711 0.3172135178 -0.0005)
    (-0.01998598007 0.3203929067 -0.0005)
    (-0.02019778702 0.3236147963 -0.0005)
    (-0.02041242531 0.3268797546 -0.0005)
    (-0.02062993279 0.3301883575 -0.0005)
    (-0.02085034781 0.3335411882 -0.0005)
    (-0.02107370924 0.336938838 -0.0005)
    (-0.02130005646 0.3403819061 -0.0005)
    (-0.0215294294 0.3438709996 -0.0005)
    (-0.02176186848 0.3474067336 -0.0005)
    (-0.0219974147 0.3509897319 -0.0005)
    (-0.02223610961 0.3546206259 -0.0005)
    (-0.02247799527 0.3583000562 -0.0005)
    (-0.02272219141 0.362014632 0.0005)
    (-0.02296709203 0.3657399242 0.0005)
    (-0.02321199265 0.3694652163 0.0005)
    (-0.02345689328 0.3731905083 0.0005)
    (-0.02370179391 0.3769158005 0.0005)
    (-0.02394669453 0.3806410927 0.0005)
    (-0.02419159516 0.3843663848 0.0005)
    (-0.02443649578 0.3880916769 0.0005)
    (-0.02468139641 0.391816969 0.0005)
    (-0.02492629703 0.3955422612 0.0005)
    (-0.02517119765 0.3992675533 0.0005)
    (-0.02541609828 0.4029928454 0.0005)
    (-0.02566099891 0.4067181375 0.0005)
    (-0.02590589953 0.4104434297 0.0005)
    (-0.02615080015 0.4141687219 0.0005)
    (-0.02639570078 0.417894014 0.0005)
    (-0.02664060141 0.421619306 0.0005)
    (-0.02688550203 0.4253445982 0.0005)
    (-0.02713040266 0.4290698904 0.0005)
    (-0.02737530328 0.4327951824 0.0005)
    (-0.0276202039 0.4365204746 0.0005)
    (-0.02786510453 0.4402457668 0.0005)
    (-0.02811000515 0.4439710589 0.0005)
    (-0.02835490578 0.447696351 0.0005)
    (-0.0285998064 0.4514216431 0.0005)
    (-0.02884470704 0.4551469353 0.0005)
    (-0.02908960766 0.4588722274 0.0005)
    (-0.02933450828 0.4625975196 0.0005)
    (-0.02957940891 0.4663228116 0.0005)
    (-0.02982430954 0.4700481038 0.0005)
    (-0.03006921016 0.473773396 0.0005)
    (-0.03031411078 0.4774986881 0.0005)
    (-0.03055901141 0.4812239802 0.0005)
    (-0.03080391204 0.4849492723 0.0005)
    (-0.03104881266 0.4886745645 0.0005)
    (-0.03129371328 0.4923998566 0.0005)
    (-0.03153861391 0.4961251487 0.0005)
    (-0.03178351454 0.4998504409 0.0005)
    (-0.03202841516 0.503575733 0.0005)
    (-0.03227331578 0.5073010251 0.0005)
    (-0.03251821641 0.5110263173 0.0005)
    (-0.03276311704 0.5147516093 0.0005)
    (-0.03300801766 0.5184769015 0.0005)
    (-0.03325291829 0.5222021936 0.0005)
    (-0.03349781891 0.5259274858 0.0005)
    (-0.03374271954 0.5296527778 0.0005)
    (-0.03398762016 0.53337807 0.0005)
    (-0.03423252078 0.5371033621 0.0005)
    (-0.03447742141 0.5408286543 0.0005)
    (-0.03472232204 0.5445539464 0.0005)
    (-0.03496722266 0.5482792385 0.0005)
    (-0.03521212329 0.5520045306 0.0005)
    (-0.03545702391 0.5557298228 0.0005)
    (-0.03570192454 0.5594551149 0.0005)
    (-0.03594682517 0.5631804071 0.0005)
    (-0.03619172579 0.5669056992 0.0005)
    (-0.03643662641 0.5706309914 0.0005)
    (-0.03668152704 0.5743562835 0.0005)
    (-0.03692642767 0.5780815756 0.0005)
    (-0.03717132829 0.5818068678 0.0005)
    (-0.03741622892 0.5855321599 0.0005)
    (-0.03766112954 0.589257452 0.0005)
    (-0.03790603017 0.5929827441 0.0005)
    (-0.03815093079 0.5967080363 0.0005)
    (-0.03839583141 0.6004333284 0.0005)
    (-0.03864073204 0.6041586205 0.0005)
    (-0.03888563267 0.6078839126 0.0005)
    (-0.03913053329 0.6116092048 0.0005)
    (-0.03937543392 0.6153344969 0.0005)
    (-0.03962033454 0.6190597891 0.0005)
    (-0.03986523516 0.6227850811 0.0005)
    (-0.04011013579 0.6265103733 0.0005)
    (-0.04035503642 0.6302356654 0.0005)
    (-0.04059993704 0.6339609576 0.0005)
    (-0.04084483767 0.6376862497 0.0005)
    (-0.02272219141 0.362014632 -0.0005)
    (-0.02296709203 0.3657399242 -0.0005)
    (-0.02321199265 0.3694652163 -0.0005)
    (-0.02345689328 0.3731905083 -0.0005)
    (-0.02370179391 0.3769158005 -0.0005)
    (-0.02394669453 0.3806410927 -0.0005)
    (-0.02419159516 0.3843663848 -0.0005)
    (-0.02443649578 0.3880916769 -0.0005)
    (-0.02468139641 0.391816969 -0.0005)
    (-0.02492629703 0.3955422612 -0.0005)
    (-0.02517119765 0.3992675533 -0.0005)
    (-0.02541609828 0.4029928454 -0.0005)
    (-0.02566099891 0.4067181375 -0.0005)
    (-0.02590589953 0.4104434297 -0.0005)
    (-0.02615080015 0.4141687219 -0.0005)
    (-0.02639570078 0.417894014 -0.0005)
    (-0.02664060141 0.421619306 -0.0005)
    (-0.02688550203 0.4253445982 -0.0005)
    (-0.02713040266 0.4290698904 -0.0005)
    (-0.02737530328 0.4327951824 -0.0005)
    (-0.0276202039 0.4365204746 -0.0005)
    (-0.02786510453 0.4402457668 -0.0005)
    (-0.02811000515 0.4439710589 -0.0005)
    (-0.02835490578 0.447696351 -0.0005)
    (-0.0285998064 0.4514216431 -0.0005)
    (-0.02884470704 0.4551469353 -0.0005)
    (-0.02908960766 0.4588722274 -0.0005)
    (-0.02933450828 0.4625975196 -0.0005)
    (-0.02957940891 0.4663228116 -0.0005)
    (-0.02982430954 0.4700481038 -0.0005)
    (-0.03006921016 0.473773396 -0.0005)
    (-0.03031411078 0.4774986881 -0.0005)
    (-0.03055901141 0.4812239802 -0.0005)
    (-0.03080391204 0.4849492723 -0.0005)
    (-0.03104881266 0.4886745645 -0.0005)
    (-0.03129371328 0.4923998566 -0.0005)
    (-0.03153861391 0.4961251487 -0.0005)
    (-0.03178351454 0.4998504409 -0.0005)
    (-0.03202841516 0.503575733 -0.0005)
    (-0.03227331578 0.5073010251 -0.0005)
    (-0.03251821641 0.5110263173 -0.0005)
    (-0.03276311704 0.5147516093 -0.0005)
    (-0.03300801766 0.5184769015 -0.0005)
    (-0.03325291829 0.5222021936 -0.0005)
    (-0.03349781891 0.5259274858 -0.0005)
    (-0.03374271954 0.5296527778 -0.0005)
    (-0.03398762016 0.53337807 -0.0005)
    (-0.03423252078 0.5371033621 -0.0005)
    (-0.03447742141 0.5408286543 -0.0005)
    (-0.03472232204 0.5445539464 -0.0005)
    (-0.03496722266 0.5482792385 -0.0005)
    (-0.03521212329 0.5520045306 -0.0005)
    (-0.03545702391 0.5557298228 -0.0005)
    (-0.03570192454 0.5594551149 -0.0005)
    (-0.03594682517 0.5631804071 -0.0005)
    (-0.03619172579 0.5669056992 -0.0005)
    (-0.03643662641 0.5706309914 -0.0005)
    (-0.03668152704 0.5743562835 -0.0005)
    (-0.03692642767 0.5780815756 -0.0005)
    (-0.03717132829 0.5818068678 -0.0005)
    (-0.03741622892 0.5855321599 -0.0005)
    (-0.03766112954 0.589257452 -0.0005)
    (-0.03790603017 0.5929827441 -0.0005)
    (-0.03815093079 0.5967080363 -0.0005)
    (-0.03839583141 0.6004333284 -0.0005)
    (-0.03864073204 0.6041586205 -0.0005)
    (-0.03888563267 0.6078839126 -0.0005)
    (-0.03913053329 0.6116092048 -0.0005)
    (-0.03937543392 0.6153344969 -0.0005)
    (-0.03962033454 0.6190597891 -0.0005)
    (-0.03986523516 0.6227850811 -0.0005)
    (-0.04011013579 0.6265103733 -0.0005)
    (-0.04035503642 0.6302356654 -0.0005)
    (-0.04059993704 0.6339609576 -0.0005)
    (-0.04084483767 0.6376862497 -0.0005)
)
