744
(
    (-0.3482563715 -0.06165742968 0.0005)
    (-0.34826559 -0.06171235252 0.0005)
    (-0.3482749357 -0.06176803262 0.0005)
    (-0.3482844102 -0.06182448042 0.0005)
    (-0.3482940153 -0.0618817065 0.0005)
    (-0.3483037529 -0.06193972159 0.0005)
    (-0.3483136247 -0.06199853657 0.0005)
    (-0.3483236326 -0.06205816248 0.0005)
    (-0.3483337785 -0.06211861049 0.0005)
    (-0.3483440643 -0.06217989193 0.0005)
    (-0.3483544919 -0.0622420183 0.0005)
    (-0.3483650632 -0.06230500124 0.0005)
    (-0.3483757804 -0.06236885257 0.0005)
    (-0.3483866453 -0.06243358426 0.0005)
    (-0.34839766 -0.06249920845 0.0005)
    (-0.3484088266 -0.06256573744 0.0005)
    (-0.3484201471 -0.06263318371 0.0005)
    (-0.3484316237 -0.06270155991 0.0005)
    (-0.3484432586 -0.06277087885 0.0005)
    (-0.3484550538 -0.06284115353 0.0005)
    (-0.3484670117 -0.06291239714 0.0005)
    (-0.3484791345 -0.06298462303 0.0005)
    (-0.3484914244 -0.06305784475 0.0005)
    (-0.3485038838 -0.06313207602 0.0005)
    (-0.3485165149 -0.06320733076 0.0005)
    (-0.3485293202 -0.06328362309 0.0005)
    (-0.3485423021 -0.06336096731 0.0005)
    (-0.3485554629 -0.06343937793 0.0005)
    (-0.3485688051 -0.06351886965 0.0005)
    (-0.3485823315 -0.06359945737 0.0005)
    (-0.3485960442 -0.0636811562 0.0005)
    (-0.348609946 -0.06376398147 0.0005)
    (-0.3486240395 -0.0638479487 0.0005)
    (-0.3486383273 -0.06393307364 0.0005)
    (-0.3486528121 -0.06401937225 0.0005)
    (-0.3486674966 -0.06410686072 0.0005)
    (-0.3486823836 -0.06419555545 0.0005)
    (-0.3486974758 -0.06428547308 0.0005)
    (-0.3487127762 -0.06437663045 0.0005)
    (-0.3487282875 -0.06446904467 0.0005)
    (-0.3487440126 -0.06456273306 0.0005)
    (-0.3487599545 -0.0646577132 0.0005)
    (-0.3487761163 -0.06475400288 0.0005)
    (-0.3487925009 -0.06485162019 0.0005)
    (-0.3488091113 -0.06495058339 0.0005)
    (-0.3488259509 -0.06505091107 0.0005)
    (-0.3488430225 -0.06515262203 0.0005)
    (-0.3488603296 -0.06525573534 0.0005)
    (-0.3488778753 -0.06536027035 0.0005)
    (-0.3488956629 -0.06546624665 0.0005)
    (-0.3489136957 -0.06557368411 0.0005)
    (-0.3489319773 -0.06568260288 0.0005)
    (-0.3489505108 -0.06579302338 0.0005)
    (-0.3489692999 -0.06590496633 0.0005)
    (-0.348988348 -0.0660184527 0.0005)
    (-0.3490076588 -0.06613350377 0.0005)
    (-0.3490272358 -0.06625014114 0.0005)
    (-0.3490470827 -0.06636838666 0.0005)
    (-0.3490672033 -0.06648826251 0.0005)
    (-0.3490876013 -0.06660979116 0.0005)
    (-0.3491082805 -0.06673299541 0.0005)
    (-0.3491292448 -0.06685789835 0.0005)
    (-0.3491504982 -0.06698452341 0.0005)
    (-0.3491720447 -0.06711289433 0.0005)
    (-0.3491938882 -0.06724303518 0.0005)
    (-0.3492160329 -0.06737497037 0.0005)
    (-0.3492384829 -0.06750872464 0.0005)
    (-0.3492612425 -0.06764432306 0.0005)
    (-0.3492843157 -0.06778179106 0.0005)
    (-0.3493077072 -0.06792115443 0.0005)
    (-0.3493314212 -0.06806243929 0.0005)
    (-0.3493554621 -0.06820567213 0.0005)
    (-0.3493798345 -0.06835087982 0.0005)
    (-0.349404543 -0.06849808958 0.0005)
    (-0.3494295921 -0.06864732901 0.0005)
    (-0.3494549866 -0.0687986261 0.0005)
    (-0.3494807312 -0.06895200923 0.0005)
    (-0.3495068307 -0.06910750714 0.0005)
    (-0.3495332902 -0.06926514901 0.0005)
    (-0.3495601145 -0.06942496439 0.0005)
    (-0.3495873085 -0.06958698324 0.0005)
    (-0.3496148775 -0.06975123595 0.0005)
    (-0.3496428267 -0.06991775332 0.0005)
    (-0.3496711612 -0.07008656658 0.0005)
    (-0.3496998863 -0.07025770738 0.0005)
    (-0.3497290075 -0.0704312078 0.0005)
    (-0.3497585302 -0.07060710037 0.0005)
    (-0.3497884599 -0.0707854181 0.0005)
    (-0.3498188023 -0.07096619441 0.0005)
    (-0.3498495631 -0.07114946319 0.0005)
    (-0.349880748 -0.07133525882 0.0005)
    (-0.3499123629 -0.07152361614 0.0005)
    (-0.3499444136 -0.07171457047 0.0005)
    (-0.3499769063 -0.07190815759 0.0005)
    (-0.350009847 -0.07210441383 0.0005)
    (-0.3500432418 -0.07230337599 0.0005)
    (-0.3500770971 -0.07250508136 0.0005)
    (-0.3501114191 -0.07270956777 0.0005)
    (-0.3501462143 -0.07291687357 0.0005)
    (-0.3501814893 -0.07312703764 0.0005)
    (-0.3502172507 -0.07334009936 0.0005)
    (-0.3502535052 -0.0735560987 0.0005)
    (-0.3502902595 -0.07377507617 0.0005)
    (-0.3503275206 -0.07399707282 0.0005)
    (-0.3503652953 -0.07422213028 0.0005)
    (-0.350403591 -0.07445029076 0.0005)
    (-0.3504424146 -0.07468159703 0.0005)
    (-0.3504817735 -0.07491609247 0.0005)
    (-0.3505216751 -0.07515382105 0.0005)
    (-0.3505621268 -0.07539482734 0.0005)
    (-0.3506031363 -0.07563915655 0.0005)
    (-0.3506447112 -0.07588685448 0.0005)
    (-0.3506868593 -0.07613796758 0.0005)
    (-0.3507295886 -0.07639254294 0.0005)
    (-0.3507729069 -0.07665062829 0.0005)
    (-0.3508168226 -0.07691227204 0.0005)
    (-0.3508613436 -0.07717752324 0.0005)
    (-0.3509064786 -0.07744643162 0.0005)
    (-0.3509522359 -0.07771904761 0.0005)
    (-0.350998624 -0.07799542234 0.0005)
    (-0.3510456518 -0.07827560762 0.0005)
    (-0.3510933279 -0.07855965601 0.0005)
    (-0.3511416614 -0.07884762074 0.0005)
    (-0.3511906613 -0.07913955584 0.0005)
    (-0.3512403368 -0.07943551603 0.0005)
    (-0.3512906971 -0.07973555682 0.0005)
    (-0.3513417519 -0.08003973446 0.0005)
    (-0.3513935106 -0.080348106 0.0005)
    (-0.3514459829 -0.08066072925 0.0005)
    (-0.3514991786 -0.08097766284 0.0005)
    (-0.3515531078 -0.0812989662 0.0005)
    (-0.3516077805 -0.08162469958 0.0005)
    (-0.3516632071 -0.08195492405 0.0005)
    (-0.3517193979 -0.08228970154 0.0005)
    (-0.3517763634 -0.08262909482 0.0005)
    (-0.3518341144 -0.08297316754 0.0005)
    (-0.3518926615 -0.08332198421 0.0005)
    (-0.3519520159 -0.08367561024 0.0005)
    (-0.3520121887 -0.08403411193 0.0005)
    (-0.3520731911 -0.08439755653 0.0005)
    (-0.3521350346 -0.08476601217 0.0005)
    (-0.3521977308 -0.08513954794 0.0005)
    (-0.3522612914 -0.08551823389 0.0005)
    (-0.3523257282 -0.08590214103 0.0005)
    (-0.3523910537 -0.08629134135 0.0005)
    (-0.3524572797 -0.08668590782 0.0005)
    (-0.3525244189 -0.08708591443 0.0005)
    (-0.3525924837 -0.0874914362 0.0005)
    (-0.352661487 -0.08790254915 0.0005)
    (-0.3527314418 -0.08831933038 0.0005)
    (-0.352802361 -0.08874185804 0.0005)
    (-0.352874258 -0.08917021137 0.0005)
    (-0.3529471463 -0.08960447068 0.0005)
    (-0.3530210396 -0.09004471741 0.0005)
    (-0.3530959517 -0.0904910341 0.0005)
    (-0.3531718966 -0.09094350443 0.0005)
    (-0.3532488886 -0.09140221328 0.0005)
    (-0.3533269422 -0.09186724664 0.0005)
    (-0.353406072 -0.09233869171 0.0005)
    (-0.3534862928 -0.0928166369 0.0005)
    (-0.3535676196 -0.09330117183 0.0005)
    (-0.3536500677 -0.09379238736 0.0005)
    (-0.3537336526 -0.09429037559 0.0005)
    (-0.35381839 -0.0947952299 0.0005)
    (-0.3539042956 -0.09530704497 0.0005)
    (-0.3539913857 -0.09582591676 0.0005)
    (-0.3540796766 -0.09635194258 0.0005)
    (-0.3541691848 -0.09688522104 0.0005)
    (-0.3542599271 -0.09742585216 0.0005)
    (-0.3543519205 -0.09797393731 0.0005)
    (-0.3544451823 -0.09852957928 0.0005)
    (-0.35453973 -0.09909288223 0.0005)
    (-0.3546355812 -0.0996639518 0.0005)
    (-0.354732754 -0.1002428951 0.0005)
    (-0.3548312666 -0.1008298206 0.0005)
    (-0.3549311375 -0.1014248384 0.0005)
    (-0.3550323853 -0.1020280602 0.0005)
    (-0.3551350291 -0.102639599 0.0005)
    (-0.3552390881 -0.1032595694 0.0005)
    (-0.3553445819 -0.1038880878 0.0005)
    (-0.3554515301 -0.1045252719 0.0005)
    (-0.3555599529 -0.1051712414 0.0005)
    (-0.3556698706 -0.1058261172 0.0005)
    (-0.3557813039 -0.1064900222 0.0005)
    (-0.3558942736 -0.1071630809 0.0005)
    (-0.3560088007 -0.1078454195 0.0005)
    (-0.356124907 -0.108537166 0.0005)
    (-0.3562426141 -0.10923845 0.0005)
    (-0.3563619441 -0.1099494031 0.0005)
    (-0.3564829194 -0.1106701585 0.0005)
    (-0.3566055627 -0.1114008515 0.0005)
    (-0.3567298969 -0.1121416189 0.0005)
    (-0.3568559453 -0.1128925999 0.0005)
    (-0.3569837317 -0.1136539351 0.0005)
    (-0.35711328 -0.1144257672 0.0005)
    (-0.3572446145 -0.1152082411 0.0005)
    (-0.3573777597 -0.1160015036 0.0005)
    (-0.3575127407 -0.1168057033 0.0005)
    (-0.3576495828 -0.1176209909 0.0005)
    (-0.3577883116 -0.1184475195 0.0005)
    (-0.3579289532 -0.1192854439 0.0005)
    (-0.3580715338 -0.1201349214 0.0005)
    (-0.3582160803 -0.120996111 0.0005)
    (-0.3583626197 -0.1218691746 0.0005)
    (-0.3585111796 -0.1227542755 0.0005)
    (-0.3586617879 -0.12365158 0.0005)
    (-0.3588144725 -0.1245612562 0.0005)
    (-0.3589692625 -0.1254834747 0.0005)
    (-0.3591261865 -0.1264184084 0.0005)
    (-0.3592852742 -0.1273662326 0.0005)
    (-0.3594465553 -0.1283271251 0.0005)
    (-0.3596100601 -0.1293012661 0.0005)
    (-0.3597758193 -0.130288838 0.0005)
    (-0.3599438638 -0.1312900263 0.0005)
    (-0.3601142254 -0.1323050188 0.0005)
    (-0.3602869358 -0.1333340055 0.0005)
    (-0.3604620274 -0.1343771795 0.0005)
    (-0.3606395332 -0.1354347364 0.0005)
    (-0.3608194864 -0.1365068745 0.0005)
    (-0.3610019207 -0.137593795 0.0005)
    (-0.3611868703 -0.1386957014 0.0005)
    (-0.36137437 -0.1398128007 0.0005)
    (-0.3615644548 -0.140945302 0.0005)
    (-0.3617571605 -0.1420934179 0.0005)
    (-0.3619525231 -0.1432573635 0.0005)
    (-0.3621505793 -0.1444373573 0.0005)
    (-0.3623513662 -0.1456336204 0.0005)
    (-0.3625549216 -0.1468463771 0.0005)
    (-0.3627612835 -0.1480758549 0.0005)
    (-0.3629704906 -0.1493222844 0.0005)
    (-0.3631825821 -0.1505858991 0.0005)
    (-0.363397598 -0.1518669361 0.0005)
    (-0.3636155784 -0.1531656356 0.0005)
    (-0.3638365642 -0.1544822411 0.0005)
    (-0.3640605969 -0.1558169994 0.0005)
    (-0.3642877184 -0.157170161 0.0005)
    (-0.3645179714 -0.1585419795 0.0005)
    (-0.3647513991 -0.1599327121 0.0005)
    (-0.3649880453 -0.1613426197 0.0005)
    (-0.3652279542 -0.1627719665 0.0005)
    (-0.365471171 -0.1642210206 0.0005)
    (-0.365717741 -0.1656900538 0.0005)
    (-0.3659677106 -0.1671793416 0.0005)
    (-0.3662211268 -0.1686891631 0.0005)
    (-0.3664780371 -0.1702198014 0.0005)
    (-0.3667384894 -0.1717715437 0.0005)
    (-0.3670025329 -0.1733446809 0.0005)
    (-0.3672702168 -0.1749395079 0.0005)
    (-0.3675415914 -0.1765563238 0.0005)
    (-0.3678167077 -0.1781954318 0.0005)
    (-0.3680956173 -0.1798571393 0.0005)
    (-0.3683783723 -0.1815417577 0.0005)
    (-0.3686650258 -0.1832496031 0.0005)
    (-0.3689556317 -0.1849809956 0.0005)
    (-0.3692502442 -0.18673626 0.0005)
    (-0.3695489189 -0.1885157254 0.0005)
    (-0.3698517115 -0.1903197253 0.0005)
    (-0.3701586788 -0.1921485982 0.0005)
    (-0.3704698786 -0.194002687 0.0005)
    (-0.370785369 -0.1958823392 0.0005)
    (-0.3711052094 -0.1977879075 0.0005)
    (-0.3714294596 -0.1997197491 0.0005)
    (-0.3717581804 -0.2016782261 0.0005)
    (-0.3720914336 -0.2036637059 0.0005)
    (-0.3724292815 -0.2056765609 0.0005)
    (-0.3727717875 -0.2077171684 0.0005)
    (-0.373119016 -0.2097859111 0.0005)
    (-0.3734710318 -0.2118831769 0.0005)
    (-0.3738279011 -0.214009359 0.0005)
    (-0.3741896907 -0.2161648561 0.0005)
    (-0.3745564687 -0.2183500725 0.0005)
    (-0.3749283037 -0.2205654178 0.0005)
    (-0.3753052653 -0.2228113076 0.0005)
    (-0.3756874244 -0.2250881628 0.0005)
    (-0.3760748526 -0.2273964107 0.0005)
    (-0.3764676224 -0.2297364837 0.0005)
    (-0.3768658076 -0.2321088209 0.0005)
    (-0.3772694829 -0.234513867 0.0005)
    (-0.377678724 -0.236952073 0.0005)
    (-0.3780936074 -0.2394238961 0.0005)
    (-0.3785142111 -0.2419297999 0.0005)
    (-0.3789406141 -0.2444702542 0.0005)
    (-0.379372896 -0.2470457353 0.0005)
    (-0.3798111381 -0.2496567263 0.0005)
    (-0.3802554225 -0.2523037167 0.0005)
    (-0.3807058327 -0.2549872028 0.0005)
    (-0.3811624528 -0.2577076879 0.0005)
    (-0.3816253688 -0.2604656821 0.0005)
    (-0.3820946671 -0.2632617026 0.0005)
    (-0.3825704361 -0.2660962735 0.0005)
    (-0.3830527647 -0.2689699265 0.0005)
    (-0.3835417435 -0.2718832005 0.0005)
    (-0.3840374643 -0.2748366416 0.0005)
    (-0.3845400198 -0.2778308038 0.0005)
    (-0.3850495044 -0.2808662484 0.0005)
    (-0.3855660136 -0.2839435445 0.0005)
    (-0.3860896443 -0.2870632694 0.0005)
    (-0.3866204945 -0.2902260079 0.0005)
    (-0.3871586639 -0.2934323531 0.0005)
    (-0.3877042535 -0.2966829063 0.0005)
    (-0.3482563715 -0.06165742968 -0.0005)
    (-0.34826559 -0.06171235252 -0.0005)
    (-0.3482749357 -0.06176803262 -0.0005)
    (-0.3482844102 -0.06182448042 -0.0005)
    (-0.3482940153 -0.0618817065 -0.0005)
    (-0.3483037529 -0.06193972159 -0.0005)
    (-0.3483136247 -0.06199853657 -0.0005)
    (-0.3483236326 -0.06205816248 -0.0005)
    (-0.3483337785 -0.06211861049 -0.0005)
    (-0.3483440643 -0.06217989193 -0.0005)
    (-0.3483544919 -0.0622420183 -0.0005)
    (-0.3483650632 -0.06230500124 -0.0005)
    (-0.3483757804 -0.06236885257 -0.0005)
    (-0.3483866453 -0.06243358426 -0.0005)
    (-0.34839766 -0.06249920845 -0.0005)
    (-0.3484088266 -0.06256573744 -0.0005)
    (-0.3484201471 -0.06263318371 -0.0005)
    (-0.3484316237 -0.06270155991 -0.0005)
    (-0.3484432586 -0.06277087885 -0.0005)
    (-0.3484550538 -0.06284115353 -0.0005)
    (-0.3484670117 -0.06291239714 -0.0005)
    (-0.3484791345 -0.06298462303 -0.0005)
    (-0.3484914244 -0.06305784475 -0.0005)
    (-0.3485038838 -0.06313207602 -0.0005)
    (-0.3485165149 -0.06320733076 -0.0005)
    (-0.3485293202 -0.06328362309 -0.0005)
    (-0.3485423021 -0.06336096731 -0.0005)
    (-0.3485554629 -0.06343937793 -0.0005)
    (-0.3485688051 -0.06351886965 -0.0005)
    (-0.3485823315 -0.06359945737 -0.0005)
    (-0.3485960442 -0.0636811562 -0.0005)
    (-0.348609946 -0.06376398147 -0.0005)
    (-0.3486240395 -0.0638479487 -0.0005)
    (-0.3486383273 -0.06393307364 -0.0005)
    (-0.3486528121 -0.06401937225 -0.0005)
    (-0.3486674966 -0.06410686072 -0.0005)
    (-0.3486823836 -0.06419555545 -0.0005)
    (-0.3486974758 -0.06428547308 -0.0005)
    (-0.3487127762 -0.06437663045 -0.0005)
    (-0.3487282875 -0.06446904467 -0.0005)
    (-0.3487440126 -0.06456273306 -0.0005)
    (-0.3487599545 -0.0646577132 -0.0005)
    (-0.3487761163 -0.06475400288 -0.0005)
    (-0.3487925009 -0.06485162019 -0.0005)
    (-0.3488091113 -0.06495058339 -0.0005)
    (-0.3488259509 -0.06505091107 -0.0005)
    (-0.3488430225 -0.06515262203 -0.0005)
    (-0.3488603296 -0.06525573534 -0.0005)
    (-0.3488778753 -0.06536027035 -0.0005)
    (-0.3488956629 -0.06546624665 -0.0005)
    (-0.3489136957 -0.06557368411 -0.0005)
    (-0.3489319773 -0.06568260288 -0.0005)
    (-0.3489505108 -0.06579302338 -0.0005)
    (-0.3489692999 -0.06590496633 -0.0005)
    (-0.348988348 -0.0660184527 -0.0005)
    (-0.3490076588 -0.06613350377 -0.0005)
    (-0.3490272358 -0.06625014114 -0.0005)
    (-0.3490470827 -0.06636838666 -0.0005)
    (-0.3490672033 -0.06648826251 -0.0005)
    (-0.3490876013 -0.06660979116 -0.0005)
    (-0.3491082805 -0.06673299541 -0.0005)
    (-0.3491292448 -0.06685789835 -0.0005)
    (-0.3491504982 -0.06698452341 -0.0005)
    (-0.3491720447 -0.06711289433 -0.0005)
    (-0.3491938882 -0.06724303518 -0.0005)
    (-0.3492160329 -0.06737497037 -0.0005)
    (-0.3492384829 -0.06750872464 -0.0005)
    (-0.3492612425 -0.06764432306 -0.0005)
    (-0.3492843157 -0.06778179106 -0.0005)
    (-0.3493077072 -0.06792115443 -0.0005)
    (-0.3493314212 -0.06806243929 -0.0005)
    (-0.3493554621 -0.06820567213 -0.0005)
    (-0.3493798345 -0.06835087982 -0.0005)
    (-0.349404543 -0.06849808958 -0.0005)
    (-0.3494295921 -0.06864732901 -0.0005)
    (-0.3494549866 -0.0687986261 -0.0005)
    (-0.3494807312 -0.06895200923 -0.0005)
    (-0.3495068307 -0.06910750714 -0.0005)
    (-0.3495332902 -0.06926514901 -0.0005)
    (-0.3495601145 -0.06942496439 -0.0005)
    (-0.3495873085 -0.06958698324 -0.0005)
    (-0.3496148775 -0.06975123595 -0.0005)
    (-0.3496428267 -0.06991775332 -0.0005)
    (-0.3496711612 -0.07008656658 -0.0005)
    (-0.3496998863 -0.07025770738 -0.0005)
    (-0.3497290075 -0.0704312078 -0.0005)
    (-0.3497585302 -0.07060710037 -0.0005)
    (-0.3497884599 -0.0707854181 -0.0005)
    (-0.3498188023 -0.07096619441 -0.0005)
    (-0.3498495631 -0.07114946319 -0.0005)
    (-0.349880748 -0.07133525882 -0.0005)
    (-0.3499123629 -0.07152361614 -0.0005)
    (-0.3499444136 -0.07171457047 -0.0005)
    (-0.3499769063 -0.07190815759 -0.0005)
    (-0.350009847 -0.07210441383 -0.0005)
    (-0.3500432418 -0.07230337599 -0.0005)
    (-0.3500770971 -0.07250508136 -0.0005)
    (-0.3501114191 -0.07270956777 -0.0005)
    (-0.3501462143 -0.07291687357 -0.0005)
    (-0.3501814893 -0.07312703764 -0.0005)
    (-0.3502172507 -0.07334009936 -0.0005)
    (-0.3502535052 -0.0735560987 -0.0005)
    (-0.3502902595 -0.07377507617 -0.0005)
    (-0.3503275206 -0.07399707282 -0.0005)
    (-0.3503652953 -0.07422213028 -0.0005)
    (-0.350403591 -0.07445029076 -0.0005)
    (-0.3504424146 -0.07468159703 -0.0005)
    (-0.3504817735 -0.07491609247 -0.0005)
    (-0.3505216751 -0.07515382105 -0.0005)
    (-0.3505621268 -0.07539482734 -0.0005)
    (-0.3506031363 -0.07563915655 -0.0005)
    (-0.3506447112 -0.07588685448 -0.0005)
    (-0.3506868593 -0.07613796758 -0.0005)
    (-0.3507295886 -0.07639254294 -0.0005)
    (-0.3507729069 -0.07665062829 -0.0005)
    (-0.3508168226 -0.07691227204 -0.0005)
    (-0.3508613436 -0.07717752324 -0.0005)
    (-0.3509064786 -0.07744643162 -0.0005)
    (-0.3509522359 -0.07771904761 -0.0005)
    (-0.350998624 -0.07799542234 -0.0005)
    (-0.3510456518 -0.07827560762 -0.0005)
    (-0.3510933279 -0.07855965601 -0.0005)
    (-0.3511416614 -0.07884762074 -0.0005)
    (-0.3511906613 -0.07913955584 -0.0005)
    (-0.3512403368 -0.07943551603 -0.0005)
    (-0.3512906971 -0.07973555682 -0.0005)
    (-0.3513417519 -0.08003973446 -0.0005)
    (-0.3513935106 -0.080348106 -0.0005)
    (-0.3514459829 -0.08066072925 -0.0005)
    (-0.3514991786 -0.08097766284 -0.0005)
    (-0.3515531078 -0.0812989662 -0.0005)
    (-0.3516077805 -0.08162469958 -0.0005)
    (-0.3516632071 -0.08195492405 -0.0005)
    (-0.3517193979 -0.08228970154 -0.0005)
    (-0.3517763634 -0.08262909482 -0.0005)
    (-0.3518341144 -0.08297316754 -0.0005)
    (-0.3518926615 -0.08332198421 -0.0005)
    (-0.3519520159 -0.08367561024 -0.0005)
    (-0.3520121887 -0.08403411193 -0.0005)
    (-0.3520731911 -0.08439755653 -0.0005)
    (-0.3521350346 -0.08476601217 -0.0005)
    (-0.3521977308 -0.08513954794 -0.0005)
    (-0.3522612914 -0.08551823389 -0.0005)
    (-0.3523257282 -0.08590214103 -0.0005)
    (-0.3523910537 -0.08629134135 -0.0005)
    (-0.3524572797 -0.08668590782 -0.0005)
    (-0.3525244189 -0.08708591443 -0.0005)
    (-0.3525924837 -0.0874914362 -0.0005)
    (-0.352661487 -0.08790254915 -0.0005)
    (-0.3527314418 -0.08831933038 -0.0005)
    (-0.352802361 -0.08874185804 -0.0005)
    (-0.352874258 -0.08917021137 -0.0005)
    (-0.3529471463 -0.08960447068 -0.0005)
    (-0.3530210396 -0.09004471741 -0.0005)
    (-0.3530959517 -0.0904910341 -0.0005)
    (-0.3531718966 -0.09094350443 -0.0005)
    (-0.3532488886 -0.09140221328 -0.0005)
    (-0.3533269422 -0.09186724664 -0.0005)
    (-0.353406072 -0.09233869171 -0.0005)
    (-0.3534862928 -0.0928166369 -0.0005)
    (-0.3535676196 -0.09330117183 -0.0005)
    (-0.3536500677 -0.09379238736 -0.0005)
    (-0.3537336526 -0.09429037559 -0.0005)
    (-0.35381839 -0.0947952299 -0.0005)
    (-0.3539042956 -0.09530704497 -0.0005)
    (-0.3539913857 -0.09582591676 -0.0005)
    (-0.3540796766 -0.09635194258 -0.0005)
    (-0.3541691848 -0.09688522104 -0.0005)
    (-0.3542599271 -0.09742585216 -0.0005)
    (-0.3543519205 -0.09797393731 -0.0005)
    (-0.3544451823 -0.09852957928 -0.0005)
    (-0.35453973 -0.09909288223 -0.0005)
    (-0.3546355812 -0.0996639518 -0.0005)
    (-0.354732754 -0.1002428951 -0.0005)
    (-0.3548312666 -0.1008298206 -0.0005)
    (-0.3549311375 -0.1014248384 -0.0005)
    (-0.3550323853 -0.1020280602 -0.0005)
    (-0.3551350291 -0.102639599 -0.0005)
    (-0.3552390881 -0.1032595694 -0.0005)
    (-0.3553445819 -0.1038880878 -0.0005)
    (-0.3554515301 -0.1045252719 -0.0005)
    (-0.3555599529 -0.1051712414 -0.0005)
    (-0.3556698706 -0.1058261172 -0.0005)
    (-0.3557813039 -0.1064900222 -0.0005)
    (-0.3558942736 -0.1071630809 -0.0005)
    (-0.3560088007 -0.1078454195 -0.0005)
    (-0.356124907 -0.108537166 -0.0005)
    (-0.3562426141 -0.10923845 -0.0005)
    (-0.3563619441 -0.1099494031 -0.0005)
    (-0.3564829194 -0.1106701585 -0.0005)
    (-0.3566055627 -0.1114008515 -0.0005)
    (-0.3567298969 -0.1121416189 -0.0005)
    (-0.3568559453 -0.1128925999 -0.0005)
    (-0.3569837317 -0.1136539351 -0.0005)
    (-0.35711328 -0.1144257672 -0.0005)
    (-0.3572446145 -0.1152082411 -0.0005)
    (-0.3573777597 -0.1160015036 -0.0005)
    (-0.3575127407 -0.1168057033 -0.0005)
    (-0.3576495828 -0.1176209909 -0.0005)
    (-0.3577883116 -0.1184475195 -0.0005)
    (-0.3579289532 -0.1192854439 -0.0005)
    (-0.3580715338 -0.1201349214 -0.0005)
    (-0.3582160803 -0.120996111 -0.0005)
    (-0.3583626197 -0.1218691746 -0.0005)
    (-0.3585111796 -0.1227542755 -0.0005)
    (-0.3586617879 -0.12365158 -0.0005)
    (-0.3588144725 -0.1245612562 -0.0005)
    (-0.3589692625 -0.1254834747 -0.0005)
    (-0.3591261865 -0.1264184084 -0.0005)
    (-0.3592852742 -0.1273662326 -0.0005)
    (-0.3594465553 -0.1283271251 -0.0005)
    (-0.3596100601 -0.1293012661 -0.0005)
    (-0.3597758193 -0.130288838 -0.0005)
    (-0.3599438638 -0.1312900263 -0.0005)
    (-0.3601142254 -0.1323050188 -0.0005)
    (-0.3602869358 -0.1333340055 -0.0005)
    (-0.3604620274 -0.1343771795 -0.0005)
    (-0.3606395332 -0.1354347364 -0.0005)
    (-0.3608194864 -0.1365068745 -0.0005)
    (-0.3610019207 -0.137593795 -0.0005)
    (-0.3611868703 -0.1386957014 -0.0005)
    (-0.36137437 -0.1398128007 -0.0005)
    (-0.3615644548 -0.140945302 -0.0005)
    (-0.3617571605 -0.1420934179 -0.0005)
    (-0.3619525231 -0.1432573635 -0.0005)
    (-0.3621505793 -0.1444373573 -0.0005)
    (-0.3623513662 -0.1456336204 -0.0005)
    (-0.3625549216 -0.1468463771 -0.0005)
    (-0.3627612835 -0.1480758549 -0.0005)
    (-0.3629704906 -0.1493222844 -0.0005)
    (-0.3631825821 -0.1505858991 -0.0005)
    (-0.363397598 -0.1518669361 -0.0005)
    (-0.3636155784 -0.1531656356 -0.0005)
    (-0.3638365642 -0.1544822411 -0.0005)
    (-0.3640605969 -0.1558169994 -0.0005)
    (-0.3642877184 -0.157170161 -0.0005)
    (-0.3645179714 -0.1585419795 -0.0005)
    (-0.3647513991 -0.1599327121 -0.0005)
    (-0.3649880453 -0.1613426197 -0.0005)
    (-0.3652279542 -0.1627719665 -0.0005)
    (-0.365471171 -0.1642210206 -0.0005)
    (-0.365717741 -0.1656900538 -0.0005)
    (-0.3659677106 -0.1671793416 -0.0005)
    (-0.3662211268 -0.1686891631 -0.0005)
    (-0.3664780371 -0.1702198014 -0.0005)
    (-0.3667384894 -0.1717715437 -0.0005)
    (-0.3670025329 -0.1733446809 -0.0005)
    (-0.3672702168 -0.1749395079 -0.0005)
    (-0.3675415914 -0.1765563238 -0.0005)
    (-0.3678167077 -0.1781954318 -0.0005)
    (-0.3680956173 -0.1798571393 -0.0005)
    (-0.3683783723 -0.1815417577 -0.0005)
    (-0.3686650258 -0.1832496031 -0.0005)
    (-0.3689556317 -0.1849809956 -0.0005)
    (-0.3692502442 -0.18673626 -0.0005)
    (-0.3695489189 -0.1885157254 -0.0005)
    (-0.3698517115 -0.1903197253 -0.0005)
    (-0.3701586788 -0.1921485982 -0.0005)
    (-0.3704698786 -0.194002687 -0.0005)
    (-0.370785369 -0.1958823392 -0.0005)
    (-0.3711052094 -0.1977879075 -0.0005)
    (-0.3714294596 -0.1997197491 -0.0005)
    (-0.3717581804 -0.2016782261 -0.0005)
    (-0.3720914336 -0.2036637059 -0.0005)
    (-0.3724292815 -0.2056765609 -0.0005)
    (-0.3727717875 -0.2077171684 -0.0005)
    (-0.373119016 -0.2097859111 -0.0005)
    (-0.3734710318 -0.2118831769 -0.0005)
    (-0.3738279011 -0.214009359 -0.0005)
    (-0.3741896907 -0.2161648561 -0.0005)
    (-0.3745564687 -0.2183500725 -0.0005)
    (-0.3749283037 -0.2205654178 -0.0005)
    (-0.3753052653 -0.2228113076 -0.0005)
    (-0.3756874244 -0.2250881628 -0.0005)
    (-0.3760748526 -0.2273964107 -0.0005)
    (-0.3764676224 -0.2297364837 -0.0005)
    (-0.3768658076 -0.2321088209 -0.0005)
    (-0.3772694829 -0.234513867 -0.0005)
    (-0.377678724 -0.236952073 -0.0005)
    (-0.3780936074 -0.2394238961 -0.0005)
    (-0.3785142111 -0.2419297999 -0.0005)
    (-0.3789406141 -0.2444702542 -0.0005)
    (-0.379372896 -0.2470457353 -0.0005)
    (-0.3798111381 -0.2496567263 -0.0005)
    (-0.3802554225 -0.2523037167 -0.0005)
    (-0.3807058327 -0.2549872028 -0.0005)
    (-0.3811624528 -0.2577076879 -0.0005)
    (-0.3816253688 -0.2604656821 -0.0005)
    (-0.3820946671 -0.2632617026 -0.0005)
    (-0.3825704361 -0.2660962735 -0.0005)
    (-0.3830527647 -0.2689699265 -0.0005)
    (-0.3835417435 -0.2718832005 -0.0005)
    (-0.3840374643 -0.2748366416 -0.0005)
    (-0.3845400198 -0.2778308038 -0.0005)
    (-0.3850495044 -0.2808662484 -0.0005)
    (-0.3855660136 -0.2839435445 -0.0005)
    (-0.3860896443 -0.2870632694 -0.0005)
    (-0.3866204945 -0.2902260079 -0.0005)
    (-0.3871586639 -0.2934323531 -0.0005)
    (-0.3877042535 -0.2966829063 -0.0005)
    (-0.3882547988 -0.2999629852 0.0005)
    (-0.3888065643 -0.3032503346 0.0005)
    (-0.3893583299 -0.306537684 0.0005)
    (-0.3899100955 -0.3098250334 0.0005)
    (-0.3904618611 -0.3131123827 0.0005)
    (-0.3910136267 -0.3163997321 0.0005)
    (-0.3915653923 -0.3196870815 0.0005)
    (-0.3921171579 -0.3229744308 0.0005)
    (-0.3926689234 -0.3262617802 0.0005)
    (-0.393220689 -0.3295491296 0.0005)
    (-0.3937724546 -0.3328364789 0.0005)
    (-0.3943242202 -0.3361238283 0.0005)
    (-0.3948759858 -0.3394111777 0.0005)
    (-0.3954277514 -0.342698527 0.0005)
    (-0.3959795169 -0.3459858764 0.0005)
    (-0.3965312825 -0.3492732258 0.0005)
    (-0.3970830481 -0.3525605751 0.0005)
    (-0.3976348137 -0.3558479245 0.0005)
    (-0.3981865793 -0.3591352738 0.0005)
    (-0.3987383449 -0.3624226232 0.0005)
    (-0.3992901105 -0.3657099726 0.0005)
    (-0.399841876 -0.3689973219 0.0005)
    (-0.4003936416 -0.3722846713 0.0005)
    (-0.4009454072 -0.3755720207 0.0005)
    (-0.4014971728 -0.37885937 0.0005)
    (-0.4020489384 -0.3821467194 0.0005)
    (-0.402600704 -0.3854340687 0.0005)
    (-0.4031524696 -0.3887214181 0.0005)
    (-0.4037042351 -0.3920087675 0.0005)
    (-0.4042560007 -0.3952961168 0.0005)
    (-0.4048077663 -0.3985834662 0.0005)
    (-0.4053595319 -0.4018708156 0.0005)
    (-0.4059112975 -0.405158165 0.0005)
    (-0.4064630631 -0.4084455143 0.0005)
    (-0.4070148286 -0.4117328637 0.0005)
    (-0.4075665942 -0.4150202131 0.0005)
    (-0.4081183598 -0.4183075624 0.0005)
    (-0.4086701254 -0.4215949118 0.0005)
    (-0.409221891 -0.4248822612 0.0005)
    (-0.4097736566 -0.4281696105 0.0005)
    (-0.4103254222 -0.4314569599 0.0005)
    (-0.4108771878 -0.4347443092 0.0005)
    (-0.4114289533 -0.4380316586 0.0005)
    (-0.4119807189 -0.441319008 0.0005)
    (-0.4125324845 -0.4446063573 0.0005)
    (-0.4130842501 -0.4478937067 0.0005)
    (-0.4136360157 -0.4511810561 0.0005)
    (-0.4141877813 -0.4544684054 0.0005)
    (-0.4147395469 -0.4577557548 0.0005)
    (-0.4152913124 -0.4610431041 0.0005)
    (-0.415843078 -0.4643304535 0.0005)
    (-0.4163948436 -0.4676178029 0.0005)
    (-0.4169466092 -0.4709051522 0.0005)
    (-0.4174983748 -0.4741925016 0.0005)
    (-0.4180501404 -0.477479851 0.0005)
    (-0.418601906 -0.4807672003 0.0005)
    (-0.4191536715 -0.4840545497 0.0005)
    (-0.4197054371 -0.4873418991 0.0005)
    (-0.4202572027 -0.4906292484 0.0005)
    (-0.4208089683 -0.4939165978 0.0005)
    (-0.4213607339 -0.4972039472 0.0005)
    (-0.4219124995 -0.5004912965 0.0005)
    (-0.4224642651 -0.5037786459 0.0005)
    (-0.4230160306 -0.5070659953 0.0005)
    (-0.4235677962 -0.5103533446 0.0005)
    (-0.4241195618 -0.513640694 0.0005)
    (-0.4246713274 -0.5169280434 0.0005)
    (-0.425223093 -0.5202153927 0.0005)
    (-0.4257748586 -0.5235027421 0.0005)
    (-0.4263266241 -0.5267900914 0.0005)
    (-0.4268783897 -0.5300774408 0.0005)
    (-0.4274301553 -0.5333647902 0.0005)
    (-0.3882547988 -0.2999629852 -0.0005)
    (-0.3888065643 -0.3032503346 -0.0005)
    (-0.3893583299 -0.306537684 -0.0005)
    (-0.3899100955 -0.3098250334 -0.0005)
    (-0.3904618611 -0.3131123827 -0.0005)
    (-0.3910136267 -0.3163997321 -0.0005)
    (-0.3915653923 -0.3196870815 -0.0005)
    (-0.3921171579 -0.3229744308 -0.0005)
    (-0.3926689234 -0.3262617802 -0.0005)
    (-0.393220689 -0.3295491296 -0.0005)
    (-0.3937724546 -0.3328364789 -0.0005)
    (-0.3943242202 -0.3361238283 -0.0005)
    (-0.3948759858 -0.3394111777 -0.0005)
    (-0.3954277514 -0.342698527 -0.0005)
    (-0.3959795169 -0.3459858764 -0.0005)
    (-0.3965312825 -0.3492732258 -0.0005)
    (-0.3970830481 -0.3525605751 -0.0005)
    (-0.3976348137 -0.3558479245 -0.0005)
    (-0.3981865793 -0.3591352738 -0.0005)
    (-0.3987383449 -0.3624226232 -0.0005)
    (-0.3992901105 -0.3657099726 -0.0005)
    (-0.399841876 -0.3689973219 -0.0005)
    (-0.4003936416 -0.3722846713 -0.0005)
    (-0.4009454072 -0.3755720207 -0.0005)
    (-0.4014971728 -0.37885937 -0.0005)
    (-0.4020489384 -0.3821467194 -0.0005)
    (-0.402600704 -0.3854340687 -0.0005)
    (-0.4031524696 -0.3887214181 -0.0005)
    (-0.4037042351 -0.3920087675 -0.0005)
    (-0.4042560007 -0.3952961168 -0.0005)
    (-0.4048077663 -0.3985834662 -0.0005)
    (-0.4053595319 -0.4018708156 -0.0005)
    (-0.4059112975 -0.405158165 -0.0005)
    (-0.4064630631 -0.4084455143 -0.0005)
    (-0.4070148286 -0.4117328637 -0.0005)
    (-0.4075665942 -0.4150202131 -0.0005)
    (-0.4081183598 -0.4183075624 -0.0005)
    (-0.4086701254 -0.4215949118 -0.0005)
    (-0.409221891 -0.4248822612 -0.0005)
    (-0.4097736566 -0.4281696105 -0.0005)
    (-0.4103254222 -0.4314569599 -0.0005)
    (-0.4108771878 -0.4347443092 -0.0005)
    (-0.4114289533 -0.4380316586 -0.0005)
    (-0.4119807189 -0.441319008 -0.0005)
    (-0.4125324845 -0.4446063573 -0.0005)
    (-0.4130842501 -0.4478937067 -0.0005)
    (-0.4136360157 -0.4511810561 -0.0005)
    (-0.4141877813 -0.4544684054 -0.0005)
    (-0.4147395469 -0.4577557548 -0.0005)
    (-0.4152913124 -0.4610431041 -0.0005)
    (-0.415843078 -0.4643304535 -0.0005)
    (-0.4163948436 -0.4676178029 -0.0005)
    (-0.4169466092 -0.4709051522 -0.0005)
    (-0.4174983748 -0.4741925016 -0.0005)
    (-0.4180501404 -0.477479851 -0.0005)
    (-0.418601906 -0.4807672003 -0.0005)
    (-0.4191536715 -0.4840545497 -0.0005)
    (-0.4197054371 -0.4873418991 -0.0005)
    (-0.4202572027 -0.4906292484 -0.0005)
    (-0.4208089683 -0.4939165978 -0.0005)
    (-0.4213607339 -0.4972039472 -0.0005)
    (-0.4219124995 -0.5004912965 -0.0005)
    (-0.4224642651 -0.5037786459 -0.0005)
    (-0.4230160306 -0.5070659953 -0.0005)
    (-0.4235677962 -0.5103533446 -0.0005)
    (-0.4241195618 -0.513640694 -0.0005)
    (-0.4246713274 -0.5169280434 -0.0005)
    (-0.425223093 -0.5202153927 -0.0005)
    (-0.4257748586 -0.5235027421 -0.0005)
    (-0.4263266241 -0.5267900914 -0.0005)
    (-0.4268783897 -0.5300774408 -0.0005)
    (-0.4274301553 -0.5333647902 -0.0005)
)
