160
(
    (-0.3574068456 -0.06039643734 0.0005)
    (-0.3575312867 -0.06107507304 0.0005)
    (-0.3576619759 -0.06178778247 0.0005)
    (-0.3577992268 -0.06253627645 0.0005)
    (-0.357943369 -0.0633223517 0.0005)
    (-0.3580947484 -0.06414789512 0.0005)
    (-0.3582537285 -0.0650148884 0.0005)
    (-0.3584206909 -0.06592541268 0.0005)
    (-0.3585960363 -0.06688165363 0.0005)
    (-0.3587801856 -0.06788590665 0.0005)
    (-0.358973581 -0.06894058237 0.0005)
    (-0.3591766866 -0.07004821248 0.0005)
    (-0.3593899898 -0.07121145578 0.0005)
    (-0.359614003 -0.07243310456 0.0005)
    (-0.3598492636 -0.0737160913 0.0005)
    (-0.3600963364 -0.07506349575 0.0005)
    (-0.3603558146 -0.07647855224 0.0005)
    (-0.360628321 -0.07796465755 0.0005)
    (-0.3609145096 -0.07952537897 0.0005)
    (-0.3612150676 -0.08116446291 0.0005)
    (-0.3615307164 -0.08288584389 0.0005)
    (-0.3618622136 -0.08469365398 0.0005)
    (-0.3622103549 -0.08659223271 0.0005)
    (-0.3625759763 -0.0885861375 0.0005)
    (-0.3629599551 -0.09068015459 0.0005)
    (-0.3633632131 -0.09287931053 0.0005)
    (-0.3637867184 -0.09518888426 0.0005)
    (-0.3642314877 -0.09761441978 0.0005)
    (-0.3646985884 -0.1001617394 0.0005)
    (-0.3651891418 -0.1028369578 0.0005)
    (-0.3657043254 -0.1056464967 0.0005)
    (-0.366245376 -0.1085971003 0.0005)
    (-0.3668135924 -0.1116958512 0.0005)
    (-0.3674103384 -0.1149501878 0.0005)
    (-0.3680370466 -0.1183679219 0.0005)
    (-0.3686952211 -0.1219572576 0.0005)
    (-0.3693864421 -0.1257268108 0.0005)
    (-0.3701123688 -0.1296856302 0.0005)
    (-0.3708747436 -0.1338432186 0.0005)
    (-0.3716753966 -0.1382095561 0.0005)
    (-0.3725162498 -0.1427951237 0.0005)
    (-0.3733993215 -0.1476109289 0.0005)
    (-0.3743267315 -0.1526685316 0.0005)
    (-0.3753007059 -0.1579800724 0.0005)
    (-0.3763235829 -0.1635583012 0.0005)
    (-0.3773978176 -0.1694166082 0.0005)
    (-0.3785259887 -0.1755690561 0.0005)
    (-0.3797108044 -0.1820304131 0.0005)
    (-0.3809551087 -0.1888161895 0.0005)
    (-0.3822618884 -0.1959426741 0.0005)
    (-0.3836342805 -0.2034269736 0.0005)
    (-0.3850755794 -0.2112870534 0.0005)
    (-0.3865892445 -0.2195417814 0.0005)
    (-0.3881789096 -0.2282109724 0.0005)
    (-0.3898483904 -0.2373154363 0.0005)
    (-0.3916016944 -0.2468770277 0.0005)
    (-0.3934430303 -0.2569186986 0.0005)
    (-0.3953768183 -0.2674645536 0.0005)
    (-0.3974077002 -0.2785399071 0.0005)
    (-0.3995405509 -0.2901713449 0.0005)
    (-0.3574068456 -0.06039643734 -0.0005)
    (-0.3575312867 -0.06107507304 -0.0005)
    (-0.3576619759 -0.06178778247 -0.0005)
    (-0.3577992268 -0.06253627645 -0.0005)
    (-0.357943369 -0.0633223517 -0.0005)
    (-0.3580947484 -0.06414789512 -0.0005)
    (-0.3582537285 -0.0650148884 -0.0005)
    (-0.3584206909 -0.06592541268 -0.0005)
    (-0.3585960363 -0.06688165363 -0.0005)
    (-0.3587801856 -0.06788590665 -0.0005)
    (-0.358973581 -0.06894058237 -0.0005)
    (-0.3591766866 -0.07004821248 -0.0005)
    (-0.3593899898 -0.07121145578 -0.0005)
    (-0.359614003 -0.07243310456 -0.0005)
    (-0.3598492636 -0.0737160913 -0.0005)
    (-0.3600963364 -0.07506349575 -0.0005)
    (-0.3603558146 -0.07647855224 -0.0005)
    (-0.360628321 -0.07796465755 -0.0005)
    (-0.3609145096 -0.07952537897 -0.0005)
    (-0.3612150676 -0.08116446291 -0.0005)
    (-0.3615307164 -0.08288584389 -0.0005)
    (-0.3618622136 -0.08469365398 -0.0005)
    (-0.3622103549 -0.08659223271 -0.0005)
    (-0.3625759763 -0.0885861375 -0.0005)
    (-0.3629599551 -0.09068015459 -0.0005)
    (-0.3633632131 -0.09287931053 -0.0005)
    (-0.3637867184 -0.09518888426 -0.0005)
    (-0.3642314877 -0.09761441978 -0.0005)
    (-0.3646985884 -0.1001617394 -0.0005)
    (-0.3651891418 -0.1028369578 -0.0005)
    (-0.3657043254 -0.1056464967 -0.0005)
    (-0.366245376 -0.1085971003 -0.0005)
    (-0.3668135924 -0.1116958512 -0.0005)
    (-0.3674103384 -0.1149501878 -0.0005)
    (-0.3680370466 -0.1183679219 -0.0005)
    (-0.3686952211 -0.1219572576 -0.0005)
    (-0.3693864421 -0.1257268108 -0.0005)
    (-0.3701123688 -0.1296856302 -0.0005)
    (-0.3708747436 -0.1338432186 -0.0005)
    (-0.3716753966 -0.1382095561 -0.0005)
    (-0.3725162498 -0.1427951237 -0.0005)
    (-0.3733993215 -0.1476109289 -0.0005)
    (-0.3743267315 -0.1526685316 -0.0005)
    (-0.3753007059 -0.1579800724 -0.0005)
    (-0.3763235829 -0.1635583012 -0.0005)
    (-0.3773978176 -0.1694166082 -0.0005)
    (-0.3785259887 -0.1755690561 -0.0005)
    (-0.3797108044 -0.1820304131 -0.0005)
    (-0.3809551087 -0.1888161895 -0.0005)
    (-0.3822618884 -0.1959426741 -0.0005)
    (-0.3836342805 -0.2034269736 -0.0005)
    (-0.3850755794 -0.2112870534 -0.0005)
    (-0.3865892445 -0.2195417814 -0.0005)
    (-0.3881789096 -0.2282109724 -0.0005)
    (-0.3898483904 -0.2373154363 -0.0005)
    (-0.3916016944 -0.2468770277 -0.0005)
    (-0.3934430303 -0.2569186986 -0.0005)
    (-0.3953768183 -0.2674645536 -0.0005)
    (-0.3974077002 -0.2785399071 -0.0005)
    (-0.3995405509 -0.2901713449 -0.0005)
    (-0.4017152663 -0.3020310909 0.0005)
    (-0.4038796135 -0.3138342939 0.0005)
    (-0.4060439607 -0.325637497 0.0005)
    (-0.4082083079 -0.3374407 0.0005)
    (-0.4103726551 -0.349243903 0.0005)
    (-0.4125370023 -0.361047106 0.0005)
    (-0.4147013495 -0.372850309 0.0005)
    (-0.4168656967 -0.384653512 0.0005)
    (-0.4190300439 -0.396456715 0.0005)
    (-0.4211943911 -0.408259918 0.0005)
    (-0.4233587382 -0.420063121 0.0005)
    (-0.4255230854 -0.431866324 0.0005)
    (-0.4276874326 -0.443669527 0.0005)
    (-0.4298517798 -0.45547273 0.0005)
    (-0.432016127 -0.467275933 0.0005)
    (-0.4341804742 -0.479079136 0.0005)
    (-0.4363448214 -0.4908823391 0.0005)
    (-0.4385091686 -0.5026855421 0.0005)
    (-0.4406735158 -0.5144887451 0.0005)
    (-0.442837863 -0.5262919481 0.0005)
    (-0.4017152663 -0.3020310909 -0.0005)
    (-0.4038796135 -0.3138342939 -0.0005)
    (-0.4060439607 -0.325637497 -0.0005)
    (-0.4082083079 -0.3374407 -0.0005)
    (-0.4103726551 -0.349243903 -0.0005)
    (-0.4125370023 -0.361047106 -0.0005)
    (-0.4147013495 -0.372850309 -0.0005)
    (-0.4168656967 -0.384653512 -0.0005)
    (-0.4190300439 -0.396456715 -0.0005)
    (-0.4211943911 -0.408259918 -0.0005)
    (-0.4233587382 -0.420063121 -0.0005)
    (-0.4255230854 -0.431866324 -0.0005)
    (-0.4276874326 -0.443669527 -0.0005)
    (-0.4298517798 -0.45547273 -0.0005)
    (-0.432016127 -0.467275933 -0.0005)
    (-0.4341804742 -0.479079136 -0.0005)
    (-0.4363448214 -0.4908823391 -0.0005)
    (-0.4385091686 -0.5026855421 -0.0005)
    (-0.4406735158 -0.5144887451 -0.0005)
    (-0.442837863 -0.5262919481 -0.0005)
)
