2400
(
    (25.4668 0.19901 20.3)
    (25.4668 0.19901 20.3)
    (25.4661 0.199752 20.3)
    (25.4661 0.199752 20.3)
    (25.4654 0.200494 20.3)
    (25.4654 0.200494 20.3)
    (25.4647 0.201236 20.3)
    (25.4647 0.201236 20.3)
    (25.4641 0.201977 20.3)
    (25.4641 0.201977 20.3)
    (25.4634 0.202719 20.3)
    (25.4634 0.202719 20.3)
    (25.4627 0.203461 20.3)
    (25.4627 0.203461 20.3)
    (25.462 0.204203 20.3)
    (25.462 0.204203 20.3)
    (25.4613 0.204944 20.3)
    (25.4613 0.204944 20.3)
    (25.4606 0.205686 20.3)
    (25.4606 0.205686 20.3)
    (25.46 0.206428 20.3)
    (25.46 0.206428 20.3)
    (25.4593 0.20717 20.3)
    (25.4593 0.20717 20.3)
    (25.4586 0.20791 20.3)
    (25.4586 0.20791 20.3)
    (25.4578 0.208639 20.3)
    (25.4578 0.208639 20.3)
    (25.4571 0.209368 20.3)
    (25.4571 0.209368 20.3)
    (25.4563 0.210097 20.3)
    (25.4563 0.210097 20.3)
    (25.4555 0.210826 20.3)
    (25.4555 0.210826 20.3)
    (25.4548 0.211555 20.3)
    (25.4548 0.211555 20.3)
    (25.454 0.212284 20.3)
    (25.454 0.212284 20.3)
    (25.4533 0.213014 20.3)
    (25.4533 0.213014 20.3)
    (25.4525 0.213744 20.3)
    (25.4525 0.213744 20.3)
    (25.4517 0.214474 20.3)
    (25.4517 0.214474 20.3)
    (25.451 0.215203 20.3)
    (25.451 0.215203 20.3)
    (25.4502 0.215933 20.3)
    (25.4502 0.215933 20.3)
    (25.4494 0.216663 20.3)
    (25.4494 0.216663 20.3)
    (25.4487 0.217392 20.3)
    (25.4487 0.217392 20.3)
    (25.4479 0.218122 20.3)
    (25.4479 0.218122 20.3)
    (25.4472 0.218852 20.3)
    (25.4472 0.218852 20.3)
    (25.4464 0.219581 20.3)
    (25.4464 0.219581 20.3)
    (25.4456 0.220312 20.3)
    (25.4456 0.220312 20.3)
    (25.4449 0.221043 20.3)
    (25.4449 0.221043 20.3)
    (25.4441 0.221775 20.3)
    (25.4441 0.221775 20.3)
    (25.4434 0.222506 20.3)
    (25.4434 0.222506 20.3)
    (25.4426 0.223238 20.3)
    (25.4426 0.223238 20.3)
    (25.4418 0.22397 20.3)
    (25.4418 0.22397 20.3)
    (25.4411 0.224702 20.3)
    (25.4411 0.224702 20.3)
    (25.4403 0.225433 20.3)
    (25.4403 0.225433 20.3)
    (25.4396 0.226165 20.3)
    (25.4396 0.226165 20.3)
    (25.4388 0.226897 20.3)
    (25.4388 0.226897 20.3)
    (25.438 0.227629 20.3)
    (25.438 0.227629 20.3)
    (25.4373 0.228361 20.3)
    (25.4373 0.228361 20.3)
    (25.4365 0.229092 20.3)
    (25.4365 0.229092 20.3)
    (25.4357 0.229793 20.3)
    (25.4357 0.229793 20.3)
    (25.435 0.230478 20.3)
    (25.435 0.230478 20.3)
    (25.4342 0.231164 20.3)
    (25.4342 0.231164 20.3)
    (25.4334 0.231849 20.3)
    (25.4334 0.231849 20.3)
    (25.4326 0.232534 20.3)
    (25.4326 0.232534 20.3)
    (25.4318 0.23322 20.3)
    (25.4318 0.23322 20.3)
    (25.431 0.233905 20.3)
    (25.431 0.233905 20.3)
    (25.4302 0.234591 20.3)
    (25.4302 0.234591 20.3)
    (25.4295 0.235276 20.3)
    (25.4295 0.235276 20.3)
    (25.4287 0.235962 20.3)
    (25.4287 0.235962 20.3)
    (25.4279 0.236647 20.3)
    (25.4279 0.236647 20.3)
    (25.4271 0.237335 20.3)
    (25.4271 0.237335 20.3)
    (25.4263 0.238027 20.3)
    (25.4263 0.238027 20.3)
    (25.4255 0.2387 20.3)
    (25.4255 0.2387 20.3)
    (25.4247 0.239369 20.3)
    (25.4247 0.239369 20.3)
    (25.4239 0.240038 20.3)
    (25.4239 0.240038 20.3)
    (25.4231 0.240707 20.3)
    (25.4231 0.240707 20.3)
    (25.4223 0.241375 20.3)
    (25.4223 0.241375 20.3)
    (25.4215 0.242044 20.3)
    (25.4215 0.242044 20.3)
    (25.4207 0.242713 20.3)
    (25.4207 0.242713 20.3)
    (25.4199 0.243382 20.3)
    (25.4199 0.243382 20.3)
    (25.4191 0.244037 20.3)
    (25.4191 0.244037 20.3)
    (25.4182 0.24468 20.3)
    (25.4182 0.24468 20.3)
    (25.4173 0.245323 20.3)
    (25.4173 0.245323 20.3)
    (25.4164 0.245966 20.3)
    (25.4164 0.245966 20.3)
    (25.4155 0.246609 20.3)
    (25.4155 0.246609 20.3)
    (25.4146 0.247252 20.3)
    (25.4146 0.247252 20.3)
    (25.4138 0.247895 20.3)
    (25.4138 0.247895 20.3)
    (25.4129 0.248538 20.3)
    (25.4129 0.248538 20.3)
    (25.412 0.249181 20.3)
    (25.412 0.249181 20.3)
    (25.4111 0.249825 20.3)
    (25.4111 0.249825 20.3)
    (25.4102 0.250468 20.3)
    (25.4102 0.250468 20.3)
    (25.4094 0.251111 20.3)
    (25.4094 0.251111 20.3)
    (25.4085 0.251754 20.3)
    (25.4085 0.251754 20.3)
    (25.4076 0.252397 20.3)
    (25.4076 0.252397 20.3)
    (25.4067 0.25304 20.3)
    (25.4067 0.25304 20.3)
    (25.4058 0.253685 20.3)
    (25.4058 0.253685 20.3)
    (25.405 0.25433 20.3)
    (25.405 0.25433 20.3)
    (25.4041 0.254975 20.3)
    (25.4041 0.254975 20.3)
    (25.4032 0.25562 20.3)
    (25.4032 0.25562 20.3)
    (25.4023 0.256265 20.3)
    (25.4023 0.256265 20.3)
    (25.4014 0.256911 20.3)
    (25.4014 0.256911 20.3)
    (25.4006 0.257556 20.3)
    (25.4006 0.257556 20.3)
    (25.3997 0.258201 20.3)
    (25.3997 0.258201 20.3)
    (25.3988 0.258846 20.3)
    (25.3988 0.258846 20.3)
    (25.3979 0.259491 20.3)
    (25.3979 0.259491 20.3)
    (25.397 0.260136 20.3)
    (25.397 0.260136 20.3)
    (25.3962 0.260781 20.3)
    (25.3962 0.260781 20.3)
    (25.3953 0.261427 20.3)
    (25.3953 0.261427 20.3)
    (25.3944 0.262072 20.3)
    (25.3944 0.262072 20.3)
    (25.3935 0.262717 20.3)
    (25.3935 0.262717 20.3)
    (25.3926 0.263362 20.3)
    (25.3926 0.263362 20.3)
    (25.3918 0.264007 20.3)
    (25.3918 0.264007 20.3)
    (25.3909 0.264652 20.3)
    (25.3909 0.264652 20.3)
    (25.39 0.265297 20.3)
    (25.39 0.265297 20.3)
    (25.3891 0.265943 20.3)
    (25.3891 0.265943 20.3)
    (25.3882 0.266588 20.3)
    (25.3882 0.266588 20.3)
    (25.3874 0.267257 20.3)
    (25.3874 0.267257 20.3)
    (25.3865 0.267931 20.3)
    (25.3865 0.267931 20.3)
    (25.3857 0.268607 20.3)
    (25.3857 0.268607 20.3)
    (25.3848 0.269283 20.3)
    (25.3848 0.269283 20.3)
    (25.384 0.269959 20.3)
    (25.384 0.269959 20.3)
    (25.3831 0.270636 20.3)
    (25.3831 0.270636 20.3)
    (25.3823 0.271312 20.3)
    (25.3823 0.271312 20.3)
    (25.3814 0.271988 20.3)
    (25.3814 0.271988 20.3)
    (25.3806 0.272664 20.3)
    (25.3806 0.272664 20.3)
    (25.3797 0.27334 20.3)
    (25.3797 0.27334 20.3)
    (25.3789 0.274016 20.3)
    (25.3789 0.274016 20.3)
    (25.378 0.274693 20.3)
    (25.378 0.274693 20.3)
    (25.3772 0.275369 20.3)
    (25.3772 0.275369 20.3)
    (25.3763 0.276039 20.3)
    (25.3763 0.276039 20.3)
    (25.3754 0.276687 20.3)
    (25.3754 0.276687 20.3)
    (25.3745 0.277336 20.3)
    (25.3745 0.277336 20.3)
    (25.3735 0.277985 20.3)
    (25.3735 0.277985 20.3)
    (25.3726 0.278607 20.3)
    (25.3726 0.278607 20.3)
    (25.3716 0.279225 20.3)
    (25.3716 0.279225 20.3)
    (25.3707 0.279842 20.3)
    (25.3707 0.279842 20.3)
    (25.3697 0.28046 20.3)
    (25.3697 0.28046 20.3)
    (25.3688 0.281077 20.3)
    (25.3688 0.281077 20.3)
    (25.3678 0.281684 20.3)
    (25.3678 0.281684 20.3)
    (25.3668 0.282253 20.3)
    (25.3668 0.282253 20.3)
    (25.3659 0.282822 20.3)
    (25.3659 0.282822 20.3)
    (25.3649 0.283393 20.3)
    (25.3649 0.283393 20.3)
    (25.364 0.283966 20.3)
    (25.364 0.283966 20.3)
    (25.363 0.284539 20.3)
    (25.363 0.284539 20.3)
    (25.3621 0.285112 20.3)
    (25.3621 0.285112 20.3)
    (25.3611 0.285685 20.3)
    (25.3611 0.285685 20.3)
    (25.3601 0.286258 20.3)
    (25.3601 0.286258 20.3)
    (25.3592 0.286832 20.3)
    (25.3592 0.286832 20.3)
    (25.3582 0.287405 20.3)
    (25.3582 0.287405 20.3)
    (25.3573 0.287978 20.3)
    (25.3573 0.287978 20.3)
    (25.3563 0.288551 20.3)
    (25.3563 0.288551 20.3)
    (25.3554 0.289124 20.3)
    (25.3554 0.289124 20.3)
    (25.3544 0.289697 20.3)
    (25.3544 0.289697 20.3)
    (25.3534 0.29027 20.3)
    (25.3534 0.29027 20.3)
    (25.3525 0.290843 20.3)
    (25.3525 0.290843 20.3)
    (25.3515 0.291417 20.3)
    (25.3515 0.291417 20.3)
    (25.3506 0.29199 20.3)
    (25.3506 0.29199 20.3)
    (25.3496 0.292563 20.3)
    (25.3496 0.292563 20.3)
    (25.3487 0.293136 20.3)
    (25.3487 0.293136 20.3)
    (25.3477 0.293709 20.3)
    (25.3477 0.293709 20.3)
    (25.3467 0.294282 20.3)
    (25.3467 0.294282 20.3)
    (25.3458 0.294855 20.3)
    (25.3458 0.294855 20.3)
    (25.3448 0.295428 20.3)
    (25.3448 0.295428 20.3)
    (25.3439 0.296002 20.3)
    (25.3439 0.296002 20.3)
    (25.3429 0.29658 20.3)
    (25.3429 0.29658 20.3)
    (25.342 0.297162 20.3)
    (25.342 0.297162 20.3)
    (25.341 0.297745 20.3)
    (25.341 0.297745 20.3)
    (25.3401 0.298327 20.3)
    (25.3401 0.298327 20.3)
    (25.3391 0.298909 20.3)
    (25.3391 0.298909 20.3)
    (25.3382 0.299491 20.3)
    (25.3382 0.299491 20.3)
    (25.3372 0.300073 20.3)
    (25.3372 0.300073 20.3)
    (25.3362 0.300655 20.3)
    (25.3362 0.300655 20.3)
    (25.3353 0.301237 20.3)
    (25.3353 0.301237 20.3)
    (25.3343 0.301819 20.3)
    (25.3343 0.301819 20.3)
    (25.3334 0.302401 20.3)
    (25.3334 0.302401 20.3)
    (25.3325 0.302963 20.3)
    (25.3325 0.302963 20.3)
    (25.3316 0.303505 20.3)
    (25.3316 0.303505 20.3)
    (25.3307 0.304046 20.3)
    (25.3307 0.304046 20.3)
    (25.3298 0.304564 20.3)
    (25.3298 0.304564 20.3)
    (25.3288 0.305068 20.3)
    (25.3288 0.305068 20.3)
    (25.3279 0.305572 20.3)
    (25.3279 0.305572 20.3)
    (25.3269 0.306075 20.3)
    (25.3269 0.306075 20.3)
    (25.3259 0.306579 20.3)
    (25.3259 0.306579 20.3)
    (25.325 0.307083 20.3)
    (25.325 0.307083 20.3)
    (25.324 0.307586 20.3)
    (25.324 0.307586 20.3)
    (25.3231 0.30809 20.3)
    (25.3231 0.30809 20.3)
    (25.3221 0.308594 20.3)
    (25.3221 0.308594 20.3)
    (25.3212 0.309098 20.3)
    (25.3212 0.309098 20.3)
    (25.3202 0.309603 20.3)
    (25.3202 0.309603 20.3)
    (25.3193 0.310109 20.3)
    (25.3193 0.310109 20.3)
    (25.3183 0.310616 20.3)
    (25.3183 0.310616 20.3)
    (25.3173 0.311123 20.3)
    (25.3173 0.311123 20.3)
    (25.3164 0.311629 20.3)
    (25.3164 0.311629 20.3)
    (25.3154 0.312136 20.3)
    (25.3154 0.312136 20.3)
    (25.3145 0.312643 20.3)
    (25.3145 0.312643 20.3)
    (25.3135 0.313138 20.3)
    (25.3135 0.313138 20.3)
    (25.3126 0.313613 20.3)
    (25.3126 0.313613 20.3)
    (25.3116 0.314088 20.3)
    (25.3116 0.314088 20.3)
    (25.3106 0.314564 20.3)
    (25.3106 0.314564 20.3)
    (25.3096 0.315039 20.3)
    (25.3096 0.315039 20.3)
    (25.3087 0.315514 20.3)
    (25.3087 0.315514 20.3)
    (25.3077 0.315989 20.3)
    (25.3077 0.315989 20.3)
    (25.3067 0.316464 20.3)
    (25.3067 0.316464 20.3)
    (25.3058 0.316939 20.3)
    (25.3058 0.316939 20.3)
    (25.3048 0.317414 20.3)
    (25.3048 0.317414 20.3)
    (25.3038 0.317889 20.3)
    (25.3038 0.317889 20.3)
    (25.3029 0.318364 20.3)
    (25.3029 0.318364 20.3)
    (25.3019 0.318839 20.3)
    (25.3019 0.318839 20.3)
    (25.3009 0.319315 20.3)
    (25.3009 0.319315 20.3)
    (25.3 0.31979 20.3)
    (25.3 0.31979 20.3)
    (25.299 0.320265 20.3)
    (25.299 0.320265 20.3)
    (25.298 0.320744 20.3)
    (25.298 0.320744 20.3)
    (25.297 0.321226 20.3)
    (25.297 0.321226 20.3)
    (25.2961 0.321707 20.3)
    (25.2961 0.321707 20.3)
    (25.2951 0.322189 20.3)
    (25.2951 0.322189 20.3)
    (25.2942 0.32267 20.3)
    (25.2942 0.32267 20.3)
    (25.2932 0.323152 20.3)
    (25.2932 0.323152 20.3)
    (25.2922 0.323633 20.3)
    (25.2922 0.323633 20.3)
    (25.2913 0.324115 20.3)
    (25.2913 0.324115 20.3)
    (25.2903 0.324596 20.3)
    (25.2903 0.324596 20.3)
    (25.2893 0.325078 20.3)
    (25.2893 0.325078 20.3)
    (25.2884 0.325559 20.3)
    (25.2884 0.325559 20.3)
    (25.2874 0.326041 20.3)
    (25.2874 0.326041 20.3)
    (25.2864 0.326522 20.3)
    (25.2864 0.326522 20.3)
    (25.2855 0.327004 20.3)
    (25.2855 0.327004 20.3)
    (25.2845 0.327485 20.3)
    (25.2845 0.327485 20.3)
    (25.2835 0.327967 20.3)
    (25.2835 0.327967 20.3)
    (25.2826 0.328415 20.3)
    (25.2826 0.328415 20.3)
    (25.2816 0.328857 20.3)
    (25.2816 0.328857 20.3)
    (25.2806 0.32926 20.3)
    (25.2806 0.32926 20.3)
    (25.2796 0.329652 20.3)
    (25.2796 0.329652 20.3)
    (25.2786 0.330045 20.3)
    (25.2786 0.330045 20.3)
    (25.2775 0.330438 20.3)
    (25.2775 0.330438 20.3)
    (25.2765 0.33083 20.3)
    (25.2765 0.33083 20.3)
    (25.2755 0.331223 20.3)
    (25.2755 0.331223 20.3)
    (25.2745 0.331616 20.3)
    (25.2745 0.331616 20.3)
    (25.2735 0.332011 20.3)
    (25.2735 0.332011 20.3)
    (25.2724 0.332407 20.3)
    (25.2724 0.332407 20.3)
    (25.2714 0.332803 20.3)
    (25.2714 0.332803 20.3)
    (25.2704 0.3332 20.3)
    (25.2704 0.3332 20.3)
    (25.2694 0.333596 20.3)
    (25.2694 0.333596 20.3)
    (25.2684 0.333992 20.3)
    (25.2684 0.333992 20.3)
    (25.2674 0.334388 20.3)
    (25.2674 0.334388 20.3)
    (25.2663 0.334784 20.3)
    (25.2663 0.334784 20.3)
    (25.2653 0.335181 20.3)
    (25.2653 0.335181 20.3)
    (25.2643 0.335577 20.3)
    (25.2643 0.335577 20.3)
    (25.2633 0.335973 20.3)
    (25.2633 0.335973 20.3)
    (25.2623 0.336369 20.3)
    (25.2623 0.336369 20.3)
    (25.2612 0.336765 20.3)
    (25.2612 0.336765 20.3)
    (25.2602 0.337162 20.3)
    (25.2602 0.337162 20.3)
    (25.2592 0.337558 20.3)
    (25.2592 0.337558 20.3)
    (25.2582 0.337954 20.3)
    (25.2582 0.337954 20.3)
    (25.2572 0.33835 20.3)
    (25.2572 0.33835 20.3)
    (25.2562 0.338746 20.3)
    (25.2562 0.338746 20.3)
    (25.2551 0.339143 20.3)
    (25.2551 0.339143 20.3)
    (25.2541 0.339539 20.3)
    (25.2541 0.339539 20.3)
    (25.2531 0.339935 20.3)
    (25.2531 0.339935 20.3)
    (25.2521 0.340331 20.3)
    (25.2521 0.340331 20.3)
    (25.2511 0.340728 20.3)
    (25.2511 0.340728 20.3)
    (25.25 0.341129 20.3)
    (25.25 0.341129 20.3)
    (25.249 0.341533 20.3)
    (25.249 0.341533 20.3)
    (25.248 0.341916 20.3)
    (25.248 0.341916 20.3)
    (25.247 0.342287 20.3)
    (25.247 0.342287 20.3)
    (25.246 0.342657 20.3)
    (25.246 0.342657 20.3)
    (25.2449 0.343028 20.3)
    (25.2449 0.343028 20.3)
    (25.2439 0.343399 20.3)
    (25.2439 0.343399 20.3)
    (25.2429 0.343769 20.3)
    (25.2429 0.343769 20.3)
    (25.2419 0.34414 20.3)
    (25.2419 0.34414 20.3)
    (25.2408 0.34451 20.3)
    (25.2408 0.34451 20.3)
    (25.2398 0.344881 20.3)
    (25.2398 0.344881 20.3)
    (25.2388 0.345251 20.3)
    (25.2388 0.345251 20.3)
    (25.2378 0.345622 20.3)
    (25.2378 0.345622 20.3)
    (25.2367 0.345993 20.3)
    (25.2367 0.345993 20.3)
    (25.2357 0.346363 20.3)
    (25.2357 0.346363 20.3)
    (25.2347 0.346734 20.3)
    (25.2347 0.346734 20.3)
    (25.2337 0.347104 20.3)
    (25.2337 0.347104 20.3)
    (25.2326 0.347475 20.3)
    (25.2326 0.347475 20.3)
    (25.2316 0.347845 20.3)
    (25.2316 0.347845 20.3)
    (25.2306 0.348216 20.3)
    (25.2306 0.348216 20.3)
    (25.2295 0.34853 20.3)
    (25.2295 0.34853 20.3)
    (25.2284 0.348843 20.3)
    (25.2284 0.348843 20.3)
    (25.2274 0.349155 20.3)
    (25.2274 0.349155 20.3)
    (25.2263 0.349468 20.3)
    (25.2263 0.349468 20.3)
    (25.2252 0.349781 20.3)
    (25.2252 0.349781 20.3)
    (25.2242 0.350096 20.3)
    (25.2242 0.350096 20.3)
    (25.2231 0.350411 20.3)
    (25.2231 0.350411 20.3)
    (25.222 0.350727 20.3)
    (25.222 0.350727 20.3)
    (25.221 0.351043 20.3)
    (25.221 0.351043 20.3)
    (25.2199 0.351358 20.3)
    (25.2199 0.351358 20.3)
    (25.2188 0.351674 20.3)
    (25.2188 0.351674 20.3)
    (25.2177 0.351989 20.3)
    (25.2177 0.351989 20.3)
    (25.2167 0.352305 20.3)
    (25.2167 0.352305 20.3)
    (25.2156 0.35262 20.3)
    (25.2156 0.35262 20.3)
    (25.2145 0.352936 20.3)
    (25.2145 0.352936 20.3)
    (25.2135 0.353252 20.3)
    (25.2135 0.353252 20.3)
    (25.2124 0.353567 20.3)
    (25.2124 0.353567 20.3)
    (25.2113 0.353883 20.3)
    (25.2113 0.353883 20.3)
    (25.2102 0.354198 20.3)
    (25.2102 0.354198 20.3)
    (25.2092 0.354514 20.3)
    (25.2092 0.354514 20.3)
    (25.2081 0.354829 20.3)
    (25.2081 0.354829 20.3)
    (25.207 0.355145 20.3)
    (25.207 0.355145 20.3)
    (25.206 0.35546 20.3)
    (25.206 0.35546 20.3)
    (25.2049 0.355776 20.3)
    (25.2049 0.355776 20.3)
    (25.2038 0.356092 20.3)
    (25.2038 0.356092 20.3)
    (25.2028 0.356407 20.3)
    (25.2028 0.356407 20.3)
    (25.2017 0.356724 20.3)
    (25.2017 0.356724 20.3)
    (25.2006 0.357043 20.3)
    (25.2006 0.357043 20.3)
    (25.1996 0.357365 20.3)
    (25.1996 0.357365 20.3)
    (25.1985 0.357686 20.3)
    (25.1985 0.357686 20.3)
    (25.1974 0.358007 20.3)
    (25.1974 0.358007 20.3)
    (25.1963 0.358328 20.3)
    (25.1963 0.358328 20.3)
    (25.1953 0.358649 20.3)
    (25.1953 0.358649 20.3)
    (25.1942 0.35897 20.3)
    (25.1942 0.35897 20.3)
    (25.1931 0.359292 20.3)
    (25.1931 0.359292 20.3)
    (25.1921 0.359613 20.3)
    (25.1921 0.359613 20.3)
    (25.191 0.359934 20.3)
    (25.191 0.359934 20.3)
    (25.1899 0.360255 20.3)
    (25.1899 0.360255 20.3)
    (25.1889 0.360576 20.3)
    (25.1889 0.360576 20.3)
    (25.1878 0.360897 20.3)
    (25.1878 0.360897 20.3)
    (25.1867 0.361218 20.3)
    (25.1867 0.361218 20.3)
    (25.1857 0.36154 20.3)
    (25.1857 0.36154 20.3)
    (25.1846 0.361861 20.3)
    (25.1846 0.361861 20.3)
    (25.1835 0.362182 20.3)
    (25.1835 0.362182 20.3)
    (25.1825 0.362503 20.3)
    (25.1825 0.362503 20.3)
    (25.1814 0.362824 20.3)
    (25.1814 0.362824 20.3)
    (25.1803 0.363143 20.3)
    (25.1803 0.363143 20.3)
    (25.1793 0.36343 20.3)
    (25.1793 0.36343 20.3)
    (25.1782 0.363685 20.3)
    (25.1782 0.363685 20.3)
    (25.1771 0.363875 20.3)
    (25.1771 0.363875 20.3)
    (25.176 0.36408 20.3)
    (25.176 0.36408 20.3)
    (25.1749 0.364311 20.3)
    (25.1749 0.364311 20.3)
    (25.1738 0.364542 20.3)
    (25.1738 0.364542 20.3)
    (25.1727 0.364773 20.3)
    (25.1727 0.364773 20.3)
    (25.1716 0.365013 20.3)
    (25.1716 0.365013 20.3)
    (25.1704 0.365262 20.3)
    (25.1704 0.365262 20.3)
    (25.1693 0.365511 20.3)
    (25.1693 0.365511 20.3)
    (25.1681 0.365761 20.3)
    (25.1681 0.365761 20.3)
    (25.167 0.36601 20.3)
    (25.167 0.36601 20.3)
    (25.1658 0.366259 20.3)
    (25.1658 0.366259 20.3)
    (25.1647 0.366508 20.3)
    (25.1647 0.366508 20.3)
    (25.1635 0.366758 20.3)
    (25.1635 0.366758 20.3)
    (25.1624 0.367007 20.3)
    (25.1624 0.367007 20.3)
    (25.1612 0.367256 20.3)
    (25.1612 0.367256 20.3)
    (25.1601 0.367505 20.3)
    (25.1601 0.367505 20.3)
    (25.1589 0.367755 20.3)
    (25.1589 0.367755 20.3)
    (25.1578 0.368004 20.3)
    (25.1578 0.368004 20.3)
    (25.1566 0.368253 20.3)
    (25.1566 0.368253 20.3)
    (25.1555 0.368502 20.3)
    (25.1555 0.368502 20.3)
    (25.1543 0.368752 20.3)
    (25.1543 0.368752 20.3)
    (25.1531 0.369001 20.3)
    (25.1531 0.369001 20.3)
    (25.152 0.36925 20.3)
    (25.152 0.36925 20.3)
    (25.1508 0.3695 20.3)
    (25.1508 0.3695 20.3)
    (25.1497 0.369752 20.3)
    (25.1497 0.369752 20.3)
    (25.1485 0.370007 20.3)
    (25.1485 0.370007 20.3)
    (25.1474 0.370263 20.3)
    (25.1474 0.370263 20.3)
    (25.1462 0.370519 20.3)
    (25.1462 0.370519 20.3)
    (25.1451 0.370775 20.3)
    (25.1451 0.370775 20.3)
    (25.1439 0.371031 20.3)
    (25.1439 0.371031 20.3)
    (25.1428 0.371287 20.3)
    (25.1428 0.371287 20.3)
    (25.1416 0.371543 20.3)
    (25.1416 0.371543 20.3)
    (25.1405 0.371799 20.3)
    (25.1405 0.371799 20.3)
    (25.1393 0.372055 20.3)
    (25.1393 0.372055 20.3)
    (25.1382 0.372311 20.3)
    (25.1382 0.372311 20.3)
    (25.137 0.372567 20.3)
    (25.137 0.372567 20.3)
    (25.1359 0.372823 20.3)
    (25.1359 0.372823 20.3)
    (25.1347 0.373079 20.3)
    (25.1347 0.373079 20.3)
    (25.1336 0.373335 20.3)
    (25.1336 0.373335 20.3)
    (25.1324 0.373591 20.3)
    (25.1324 0.373591 20.3)
    (25.1312 0.373847 20.3)
    (25.1312 0.373847 20.3)
    (25.1301 0.374103 20.3)
    (25.1301 0.374103 20.3)
    (25.1289 0.374359 20.3)
    (25.1289 0.374359 20.3)
    (25.1278 0.374615 20.3)
    (25.1278 0.374615 20.3)
    (25.1266 0.374871 20.3)
    (25.1266 0.374871 20.3)
    (25.1255 0.375127 20.3)
    (25.1255 0.375127 20.3)
    (25.1243 0.375318 20.3)
    (25.1243 0.375318 20.3)
    (25.1231 0.375501 20.3)
    (25.1231 0.375501 20.3)
    (25.1219 0.375683 20.3)
    (25.1219 0.375683 20.3)
    (25.1207 0.375868 20.3)
    (25.1207 0.375868 20.3)
    (25.1196 0.376056 20.3)
    (25.1196 0.376056 20.3)
    (25.1184 0.376245 20.3)
    (25.1184 0.376245 20.3)
    (25.1172 0.376434 20.3)
    (25.1172 0.376434 20.3)
    (25.116 0.376622 20.3)
    (25.116 0.376622 20.3)
    (25.1148 0.376811 20.3)
    (25.1148 0.376811 20.3)
    (25.1136 0.377 20.3)
    (25.1136 0.377 20.3)
    (25.1124 0.377188 20.3)
    (25.1124 0.377188 20.3)
    (25.1112 0.377377 20.3)
    (25.1112 0.377377 20.3)
    (25.1101 0.377566 20.3)
    (25.1101 0.377566 20.3)
    (25.1089 0.377754 20.3)
    (25.1089 0.377754 20.3)
    (25.1077 0.377943 20.3)
    (25.1077 0.377943 20.3)
    (25.1065 0.378132 20.3)
    (25.1065 0.378132 20.3)
    (25.1053 0.378288 20.3)
    (25.1053 0.378288 20.3)
    (25.1041 0.378438 20.3)
    (25.1041 0.378438 20.3)
    (25.103 0.378589 20.3)
    (25.103 0.378589 20.3)
    (25.1018 0.378739 20.3)
    (25.1018 0.378739 20.3)
    (25.1006 0.378889 20.3)
    (25.1006 0.378889 20.3)
    (25.0994 0.37904 20.3)
    (25.0994 0.37904 20.3)
    (25.0982 0.37919 20.3)
    (25.0982 0.37919 20.3)
    (25.097 0.379341 20.3)
    (25.097 0.379341 20.3)
    (25.0958 0.379492 20.3)
    (25.0958 0.379492 20.3)
    (25.0947 0.379645 20.3)
    (25.0947 0.379645 20.3)
    (25.0935 0.3798 20.3)
    (25.0935 0.3798 20.3)
    (25.0923 0.379956 20.3)
    (25.0923 0.379956 20.3)
    (25.0911 0.380111 20.3)
    (25.0911 0.380111 20.3)
    (25.0899 0.380267 20.3)
    (25.0899 0.380267 20.3)
    (25.0888 0.380422 20.3)
    (25.0888 0.380422 20.3)
    (25.0876 0.380577 20.3)
    (25.0876 0.380577 20.3)
    (25.0864 0.380733 20.3)
    (25.0864 0.380733 20.3)
    (25.0852 0.380888 20.3)
    (25.0852 0.380888 20.3)
    (25.084 0.381044 20.3)
    (25.084 0.381044 20.3)
    (25.0828 0.381199 20.3)
    (25.0828 0.381199 20.3)
    (25.0817 0.381354 20.3)
    (25.0817 0.381354 20.3)
    (25.0805 0.38151 20.3)
    (25.0805 0.38151 20.3)
    (25.0793 0.381665 20.3)
    (25.0793 0.381665 20.3)
    (25.0781 0.381821 20.3)
    (25.0781 0.381821 20.3)
    (25.0769 0.381976 20.3)
    (25.0769 0.381976 20.3)
    (25.0757 0.382131 20.3)
    (25.0757 0.382131 20.3)
    (25.0746 0.382287 20.3)
    (25.0746 0.382287 20.3)
    (25.0734 0.382442 20.3)
    (25.0734 0.382442 20.3)
    (25.0722 0.382598 20.3)
    (25.0722 0.382598 20.3)
    (25.071 0.382697 20.3)
    (25.071 0.382697 20.3)
    (25.0698 0.382774 20.3)
    (25.0698 0.382774 20.3)
    (25.0686 0.382851 20.3)
    (25.0686 0.382851 20.3)
    (25.0674 0.382928 20.3)
    (25.0674 0.382928 20.3)
    (25.0662 0.383006 20.3)
    (25.0662 0.383006 20.3)
    (25.065 0.383088 20.3)
    (25.065 0.383088 20.3)
    (25.0638 0.383172 20.3)
    (25.0638 0.383172 20.3)
    (25.0626 0.383245 20.3)
    (25.0626 0.383245 20.3)
    (25.0614 0.383305 20.3)
    (25.0614 0.383305 20.3)
    (25.0602 0.383364 20.3)
    (25.0602 0.383364 20.3)
    (25.0591 0.383423 20.3)
    (25.0591 0.383423 20.3)
    (25.0579 0.383482 20.3)
    (25.0579 0.383482 20.3)
    (25.0567 0.383541 20.3)
    (25.0567 0.383541 20.3)
    (25.0555 0.3836 20.3)
    (25.0555 0.3836 20.3)
    (25.0543 0.383659 20.3)
    (25.0543 0.383659 20.3)
    (25.0532 0.383718 20.3)
    (25.0532 0.383718 20.3)
    (25.052 0.383777 20.3)
    (25.052 0.383777 20.3)
    (25.0508 0.383836 20.3)
    (25.0508 0.383836 20.3)
    (25.0496 0.383895 20.3)
    (25.0496 0.383895 20.3)
    (25.0485 0.383955 20.3)
    (25.0485 0.383955 20.3)
    (25.0473 0.384014 20.3)
    (25.0473 0.384014 20.3)
    (25.0461 0.384073 20.3)
    (25.0461 0.384073 20.3)
    (25.0449 0.384132 20.3)
    (25.0449 0.384132 20.3)
    (25.0438 0.384191 20.3)
    (25.0438 0.384191 20.3)
    (25.0426 0.38425 20.3)
    (25.0426 0.38425 20.3)
    (25.0414 0.38431 20.3)
    (25.0414 0.38431 20.3)
    (25.0402 0.384371 20.3)
    (25.0402 0.384371 20.3)
    (25.039 0.384432 20.3)
    (25.039 0.384432 20.3)
    (25.0379 0.384493 20.3)
    (25.0379 0.384493 20.3)
    (25.0367 0.384555 20.3)
    (25.0367 0.384555 20.3)
    (25.0355 0.384616 20.3)
    (25.0355 0.384616 20.3)
    (25.0343 0.384678 20.3)
    (25.0343 0.384678 20.3)
    (25.0332 0.384739 20.3)
    (25.0332 0.384739 20.3)
    (25.032 0.384795 20.3)
    (25.032 0.384795 20.3)
    (25.0308 0.384821 20.3)
    (25.0308 0.384821 20.3)
    (25.0296 0.384846 20.3)
    (25.0296 0.384846 20.3)
    (25.0285 0.384871 20.3)
    (25.0285 0.384871 20.3)
    (25.0273 0.384897 20.3)
    (25.0273 0.384897 20.3)
    (25.0261 0.384925 20.3)
    (25.0261 0.384925 20.3)
    (25.025 0.384956 20.3)
    (25.025 0.384956 20.3)
    (25.0238 0.384986 20.3)
    (25.0238 0.384986 20.3)
    (25.0226 0.385016 20.3)
    (25.0226 0.385016 20.3)
    (25.0215 0.385046 20.3)
    (25.0215 0.385046 20.3)
    (25.0203 0.385077 20.3)
    (25.0203 0.385077 20.3)
    (25.0191 0.385081 20.3)
    (25.0191 0.385081 20.3)
    (25.018 0.385032 20.3)
    (25.018 0.385032 20.3)
    (25.0168 0.384982 20.3)
    (25.0168 0.384982 20.3)
    (25.0156 0.384933 20.3)
    (25.0156 0.384933 20.3)
    (25.0145 0.384884 20.3)
    (25.0145 0.384884 20.3)
    (25.0133 0.384834 20.3)
    (25.0133 0.384834 20.3)
    (25.0121 0.384785 20.3)
    (25.0121 0.384785 20.3)
    (25.011 0.384735 20.3)
    (25.011 0.384735 20.3)
    (25.0098 0.384686 20.3)
    (25.0098 0.384686 20.3)
    (25.0086 0.384636 20.3)
    (25.0086 0.384636 20.3)
    (25.0075 0.384587 20.3)
    (25.0075 0.384587 20.3)
    (25.0063 0.384537 20.3)
    (25.0063 0.384537 20.3)
    (25.0051 0.384488 20.3)
    (25.0051 0.384488 20.3)
    (25.0039 0.384438 20.3)
    (25.0039 0.384438 20.3)
    (25.0028 0.384389 20.3)
    (25.0028 0.384389 20.3)
    (25.0016 0.384339 20.3)
    (25.0016 0.384339 20.3)
    (25.0004 0.384293 20.3)
    (25.0004 0.384293 20.3)
    (24.9993 0.38425 20.3)
    (24.9993 0.38425 20.3)
    (24.9981 0.384208 20.3)
    (24.9981 0.384208 20.3)
    (24.9969 0.384165 20.3)
    (24.9969 0.384165 20.3)
    (24.9958 0.384122 20.3)
    (24.9958 0.384122 20.3)
    (24.9946 0.384079 20.3)
    (24.9946 0.384079 20.3)
    (24.9934 0.384036 20.3)
    (24.9934 0.384036 20.3)
    (24.9923 0.383993 20.3)
    (24.9923 0.383993 20.3)
    (24.9911 0.383951 20.3)
    (24.9911 0.383951 20.3)
    (24.9899 0.383922 20.3)
    (24.9899 0.383922 20.3)
    (24.9887 0.383927 20.3)
    (24.9887 0.383927 20.3)
    (24.9875 0.383933 20.3)
    (24.9875 0.383933 20.3)
    (24.9863 0.383939 20.3)
    (24.9863 0.383939 20.3)
    (24.9851 0.383945 20.3)
    (24.9851 0.383945 20.3)
    (24.9839 0.383951 20.3)
    (24.9839 0.383951 20.3)
    (24.9827 0.383957 20.3)
    (24.9827 0.383957 20.3)
    (24.9815 0.383963 20.3)
    (24.9815 0.383963 20.3)
    (24.9802 0.383969 20.3)
    (24.9802 0.383969 20.3)
    (24.979 0.383975 20.3)
    (24.979 0.383975 20.3)
    (24.9778 0.383981 20.3)
    (24.9778 0.383981 20.3)
    (24.9766 0.383987 20.3)
    (24.9766 0.383987 20.3)
    (24.9754 0.383992 20.3)
    (24.9754 0.383992 20.3)
    (24.9742 0.383998 20.3)
    (24.9742 0.383998 20.3)
    (24.9729 0.384004 20.3)
    (24.9729 0.384004 20.3)
    (24.9717 0.384013 20.3)
    (24.9717 0.384013 20.3)
    (24.9705 0.384025 20.3)
    (24.9705 0.384025 20.3)
    (24.9693 0.384039 20.3)
    (24.9693 0.384039 20.3)
    (24.9681 0.384053 20.3)
    (24.9681 0.384053 20.3)
    (24.9668 0.384004 20.3)
    (24.9668 0.384004 20.3)
    (24.9656 0.38393 20.3)
    (24.9656 0.38393 20.3)
    (24.9644 0.383855 20.3)
    (24.9644 0.383855 20.3)
    (24.9632 0.383781 20.3)
    (24.9632 0.383781 20.3)
    (24.962 0.383706 20.3)
    (24.962 0.383706 20.3)
    (24.9607 0.383632 20.3)
    (24.9607 0.383632 20.3)
    (24.9595 0.383557 20.3)
    (24.9595 0.383557 20.3)
    (24.9583 0.383483 20.3)
    (24.9583 0.383483 20.3)
    (24.9571 0.38338 20.3)
    (24.9571 0.38338 20.3)
    (24.9559 0.383268 20.3)
    (24.9559 0.383268 20.3)
    (24.9547 0.383155 20.3)
    (24.9547 0.383155 20.3)
    (24.9535 0.383043 20.3)
    (24.9535 0.383043 20.3)
    (24.9523 0.382931 20.3)
    (24.9523 0.382931 20.3)
    (24.9511 0.382818 20.3)
    (24.9511 0.382818 20.3)
    (24.9499 0.382706 20.3)
    (24.9499 0.382706 20.3)
    (24.9487 0.382593 20.3)
    (24.9487 0.382593 20.3)
    (24.9475 0.382481 20.3)
    (24.9475 0.382481 20.3)
    (24.9463 0.38237 20.3)
    (24.9463 0.38237 20.3)
    (24.9451 0.382261 20.3)
    (24.9451 0.382261 20.3)
    (24.9439 0.382153 20.3)
    (24.9439 0.382153 20.3)
    (24.9427 0.382045 20.3)
    (24.9427 0.382045 20.3)
    (24.9415 0.381937 20.3)
    (24.9415 0.381937 20.3)
    (24.9403 0.381829 20.3)
    (24.9403 0.381829 20.3)
    (24.9391 0.381721 20.3)
    (24.9391 0.381721 20.3)
    (24.9379 0.381613 20.3)
    (24.9379 0.381613 20.3)
    (24.9367 0.381505 20.3)
    (24.9367 0.381505 20.3)
    (24.9355 0.381397 20.3)
    (24.9355 0.381397 20.3)
    (24.9343 0.381289 20.3)
    (24.9343 0.381289 20.3)
    (24.9331 0.381181 20.3)
    (24.9331 0.381181 20.3)
    (24.9319 0.381062 20.3)
    (24.9319 0.381062 20.3)
    (24.9307 0.380945 20.3)
    (24.9307 0.380945 20.3)
    (24.9296 0.38083 20.3)
    (24.9296 0.38083 20.3)
    (24.9284 0.380714 20.3)
    (24.9284 0.380714 20.3)
    (24.9272 0.380599 20.3)
    (24.9272 0.380599 20.3)
    (24.926 0.380484 20.3)
    (24.926 0.380484 20.3)
    (24.9249 0.380368 20.3)
    (24.9249 0.380368 20.3)
    (24.9237 0.380253 20.3)
    (24.9237 0.380253 20.3)
    (24.9225 0.380137 20.3)
    (24.9225 0.380137 20.3)
    (24.9214 0.380022 20.3)
    (24.9214 0.380022 20.3)
    (24.9202 0.379906 20.3)
    (24.9202 0.379906 20.3)
    (24.919 0.379791 20.3)
    (24.919 0.379791 20.3)
    (24.9179 0.379676 20.3)
    (24.9179 0.379676 20.3)
    (24.9167 0.379556 20.3)
    (24.9167 0.379556 20.3)
    (24.9155 0.379355 20.3)
    (24.9155 0.379355 20.3)
    (24.9144 0.379154 20.3)
    (24.9144 0.379154 20.3)
    (24.9132 0.378953 20.3)
    (24.9132 0.378953 20.3)
    (24.9121 0.378753 20.3)
    (24.9121 0.378753 20.3)
    (24.9109 0.378552 20.3)
    (24.9109 0.378552 20.3)
    (24.9098 0.378351 20.3)
    (24.9098 0.378351 20.3)
    (24.9086 0.37815 20.3)
    (24.9086 0.37815 20.3)
    (24.9074 0.37795 20.3)
    (24.9074 0.37795 20.3)
    (24.9063 0.377754 20.3)
    (24.9063 0.377754 20.3)
    (24.9051 0.37756 20.3)
    (24.9051 0.37756 20.3)
    (24.904 0.377367 20.3)
    (24.904 0.377367 20.3)
    (24.9028 0.377173 20.3)
    (24.9028 0.377173 20.3)
    (24.9017 0.37698 20.3)
    (24.9017 0.37698 20.3)
    (24.9005 0.376786 20.3)
    (24.9005 0.376786 20.3)
    (24.8994 0.376593 20.3)
    (24.8994 0.376593 20.3)
    (24.8982 0.376399 20.3)
    (24.8982 0.376399 20.3)
    (24.897 0.376206 20.3)
    (24.897 0.376206 20.3)
    (24.8959 0.376012 20.3)
    (24.8959 0.376012 20.3)
    (24.8947 0.375819 20.3)
    (24.8947 0.375819 20.3)
    (24.8936 0.375625 20.3)
    (24.8936 0.375625 20.3)
    (24.8924 0.375432 20.3)
    (24.8924 0.375432 20.3)
    (24.8913 0.375238 20.3)
    (24.8913 0.375238 20.3)
    (24.8901 0.375045 20.3)
    (24.8901 0.375045 20.3)
    (24.889 0.374851 20.3)
    (24.889 0.374851 20.3)
    (24.8878 0.374658 20.3)
    (24.8878 0.374658 20.3)
    (24.8866 0.374464 20.3)
    (24.8866 0.374464 20.3)
    (24.8855 0.374271 20.3)
    (24.8855 0.374271 20.3)
    (24.8843 0.374048 20.3)
    (24.8843 0.374048 20.3)
    (24.8832 0.373822 20.3)
    (24.8832 0.373822 20.3)
    (24.8821 0.373596 20.3)
    (24.8821 0.373596 20.3)
    (24.881 0.373369 20.3)
    (24.881 0.373369 20.3)
    (24.8798 0.373143 20.3)
    (24.8798 0.373143 20.3)
    (24.8787 0.372921 20.3)
    (24.8787 0.372921 20.3)
    (24.8776 0.372702 20.3)
    (24.8776 0.372702 20.3)
    (24.8764 0.372483 20.3)
    (24.8764 0.372483 20.3)
    (24.8753 0.372265 20.3)
    (24.8753 0.372265 20.3)
    (24.8742 0.372046 20.3)
    (24.8742 0.372046 20.3)
    (24.873 0.371827 20.3)
    (24.873 0.371827 20.3)
    (24.8719 0.371608 20.3)
    (24.8719 0.371608 20.3)
    (24.8708 0.37139 20.3)
    (24.8708 0.37139 20.3)
    (24.8696 0.371171 20.3)
    (24.8696 0.371171 20.3)
    (24.8685 0.370947 20.3)
    (24.8685 0.370947 20.3)
    (24.8674 0.370649 20.3)
    (24.8674 0.370649 20.3)
    (24.8663 0.370351 20.3)
    (24.8663 0.370351 20.3)
    (24.8652 0.370053 20.3)
    (24.8652 0.370053 20.3)
    (24.8641 0.369755 20.3)
    (24.8641 0.369755 20.3)
    (24.863 0.369456 20.3)
    (24.863 0.369456 20.3)
    (24.8619 0.369158 20.3)
    (24.8619 0.369158 20.3)
    (24.8608 0.36886 20.3)
    (24.8608 0.36886 20.3)
    (24.8597 0.368562 20.3)
    (24.8597 0.368562 20.3)
    (24.8586 0.368264 20.3)
    (24.8586 0.368264 20.3)
    (24.8575 0.367966 20.3)
    (24.8575 0.367966 20.3)
    (24.8564 0.367667 20.3)
    (24.8564 0.367667 20.3)
    (24.8553 0.367371 20.3)
    (24.8553 0.367371 20.3)
    (24.8542 0.367076 20.3)
    (24.8542 0.367076 20.3)
    (24.8531 0.366782 20.3)
    (24.8531 0.366782 20.3)
    (24.852 0.366487 20.3)
    (24.852 0.366487 20.3)
    (24.8509 0.366193 20.3)
    (24.8509 0.366193 20.3)
    (24.8498 0.365899 20.3)
    (24.8498 0.365899 20.3)
    (24.8487 0.365604 20.3)
    (24.8487 0.365604 20.3)
    (24.8476 0.36531 20.3)
    (24.8476 0.36531 20.3)
    (24.8465 0.365016 20.3)
    (24.8465 0.365016 20.3)
    (24.8454 0.364721 20.3)
    (24.8454 0.364721 20.3)
    (24.8443 0.364427 20.3)
    (24.8443 0.364427 20.3)
    (24.8432 0.364133 20.3)
    (24.8432 0.364133 20.3)
    (24.8421 0.363842 20.3)
    (24.8421 0.363842 20.3)
    (24.841 0.363553 20.3)
    (24.841 0.363553 20.3)
    (24.8399 0.363263 20.3)
    (24.8399 0.363263 20.3)
    (24.8387 0.362974 20.3)
    (24.8387 0.362974 20.3)
    (24.8376 0.362685 20.3)
    (24.8376 0.362685 20.3)
    (24.8365 0.362395 20.3)
    (24.8365 0.362395 20.3)
    (24.8354 0.362121 20.3)
    (24.8354 0.362121 20.3)
    (24.8343 0.361872 20.3)
    (24.8343 0.361872 20.3)
    (24.8331 0.361623 20.3)
    (24.8331 0.361623 20.3)
    (24.832 0.361374 20.3)
    (24.832 0.361374 20.3)
    (24.8308 0.361125 20.3)
    (24.8308 0.361125 20.3)
    (24.8296 0.360876 20.3)
    (24.8296 0.360876 20.3)
    (24.8285 0.360627 20.3)
    (24.8285 0.360627 20.3)
    (24.8273 0.360378 20.3)
    (24.8273 0.360378 20.3)
    (24.8262 0.360129 20.3)
    (24.8262 0.360129 20.3)
    (24.825 0.35988 20.3)
    (24.825 0.35988 20.3)
    (24.8239 0.359631 20.3)
    (24.8239 0.359631 20.3)
    (24.8227 0.359382 20.3)
    (24.8227 0.359382 20.3)
    (24.8216 0.359081 20.3)
    (24.8216 0.359081 20.3)
    (24.8205 0.358746 20.3)
    (24.8205 0.358746 20.3)
    (24.8193 0.35841 20.3)
    (24.8193 0.35841 20.3)
    (24.8182 0.358075 20.3)
    (24.8182 0.358075 20.3)
    (24.8171 0.357741 20.3)
    (24.8171 0.357741 20.3)
    (24.816 0.357412 20.3)
    (24.816 0.357412 20.3)
    (24.8149 0.357061 20.3)
    (24.8149 0.357061 20.3)
    (24.8138 0.356703 20.3)
    (24.8138 0.356703 20.3)
    (24.8127 0.356346 20.3)
    (24.8127 0.356346 20.3)
    (24.8116 0.355989 20.3)
    (24.8116 0.355989 20.3)
    (24.8105 0.355631 20.3)
    (24.8105 0.355631 20.3)
    (24.8094 0.355274 20.3)
    (24.8094 0.355274 20.3)
    (24.8083 0.354917 20.3)
    (24.8083 0.354917 20.3)
    (24.8072 0.35456 20.3)
    (24.8072 0.35456 20.3)
    (24.8061 0.354202 20.3)
    (24.8061 0.354202 20.3)
    (24.805 0.353845 20.3)
    (24.805 0.353845 20.3)
    (24.8039 0.353463 20.3)
    (24.8039 0.353463 20.3)
    (24.8026 0.353057 20.3)
    (24.8026 0.353057 20.3)
    (24.8014 0.35265 20.3)
    (24.8014 0.35265 20.3)
    (24.8001 0.352244 20.3)
    (24.8001 0.352244 20.3)
    (24.7988 0.351837 20.3)
    (24.7988 0.351837 20.3)
    (24.7976 0.351431 20.3)
    (24.7976 0.351431 20.3)
    (24.7963 0.351024 20.3)
    (24.7963 0.351024 20.3)
    (24.7951 0.350621 20.3)
    (24.7951 0.350621 20.3)
    (24.7939 0.350217 20.3)
    (24.7939 0.350217 20.3)
    (24.7927 0.349814 20.3)
    (24.7927 0.349814 20.3)
    (24.7915 0.349411 20.3)
    (24.7915 0.349411 20.3)
    (24.7902 0.349008 20.3)
    (24.7902 0.349008 20.3)
    (24.789 0.348605 20.3)
    (24.789 0.348605 20.3)
    (24.7878 0.348201 20.3)
    (24.7878 0.348201 20.3)
    (24.7866 0.347798 20.3)
    (24.7866 0.347798 20.3)
    (24.7854 0.347395 20.3)
    (24.7854 0.347395 20.3)
    (24.7841 0.346992 20.3)
    (24.7841 0.346992 20.3)
    (24.7829 0.346589 20.3)
    (24.7829 0.346589 20.3)
    (24.7817 0.346185 20.3)
    (24.7817 0.346185 20.3)
    (24.7805 0.345782 20.3)
    (24.7805 0.345782 20.3)
    (24.7793 0.345382 20.3)
    (24.7793 0.345382 20.3)
    (24.778 0.344988 20.3)
    (24.778 0.344988 20.3)
    (24.7769 0.344535 20.3)
    (24.7769 0.344535 20.3)
    (24.7757 0.344055 20.3)
    (24.7757 0.344055 20.3)
    (24.7745 0.343574 20.3)
    (24.7745 0.343574 20.3)
    (24.7734 0.343094 20.3)
    (24.7734 0.343094 20.3)
    (24.7722 0.342613 20.3)
    (24.7722 0.342613 20.3)
    (24.7711 0.342132 20.3)
    (24.7711 0.342132 20.3)
    (24.7699 0.341652 20.3)
    (24.7699 0.341652 20.3)
    (24.7687 0.341171 20.3)
    (24.7687 0.341171 20.3)
    (24.7676 0.340691 20.3)
    (24.7676 0.340691 20.3)
    (24.7664 0.34021 20.3)
    (24.7664 0.34021 20.3)
    (24.7652 0.33973 20.3)
    (24.7652 0.33973 20.3)
    (24.7641 0.339249 20.3)
    (24.7641 0.339249 20.3)
    (24.7629 0.338768 20.3)
    (24.7629 0.338768 20.3)
    (24.7617 0.338288 20.3)
    (24.7617 0.338288 20.3)
    (24.7606 0.337807 20.3)
    (24.7606 0.337807 20.3)
    (24.7594 0.337327 20.3)
    (24.7594 0.337327 20.3)
    (24.7583 0.336846 20.3)
    (24.7583 0.336846 20.3)
    (24.7571 0.336365 20.3)
    (24.7571 0.336365 20.3)
    (24.7559 0.335885 20.3)
    (24.7559 0.335885 20.3)
    (24.7548 0.335404 20.3)
    (24.7548 0.335404 20.3)
    (24.7536 0.334926 20.3)
    (24.7536 0.334926 20.3)
    (24.7524 0.334452 20.3)
    (24.7524 0.334452 20.3)
    (24.7513 0.333982 20.3)
    (24.7513 0.333982 20.3)
    (24.7501 0.333509 20.3)
    (24.7501 0.333509 20.3)
    (24.749 0.333013 20.3)
    (24.749 0.333013 20.3)
    (24.7478 0.332516 20.3)
    (24.7478 0.332516 20.3)
    (24.7467 0.33202 20.3)
    (24.7467 0.33202 20.3)
    (24.7456 0.331523 20.3)
    (24.7456 0.331523 20.3)
    (24.7445 0.331027 20.3)
    (24.7445 0.331027 20.3)
    (24.7433 0.330531 20.3)
    (24.7433 0.330531 20.3)
    (24.7422 0.330034 20.3)
    (24.7422 0.330034 20.3)
    (24.7411 0.329538 20.3)
    (24.7411 0.329538 20.3)
    (24.7399 0.329042 20.3)
    (24.7399 0.329042 20.3)
    (24.7388 0.328545 20.3)
    (24.7388 0.328545 20.3)
    (24.7377 0.328049 20.3)
    (24.7377 0.328049 20.3)
    (24.7366 0.327515 20.3)
    (24.7366 0.327515 20.3)
    (24.7355 0.326944 20.3)
    (24.7355 0.326944 20.3)
    (24.7345 0.326374 20.3)
    (24.7345 0.326374 20.3)
    (24.7334 0.325804 20.3)
    (24.7334 0.325804 20.3)
    (24.7324 0.325234 20.3)
    (24.7324 0.325234 20.3)
    (24.7313 0.324664 20.3)
    (24.7313 0.324664 20.3)
    (24.7303 0.324094 20.3)
    (24.7303 0.324094 20.3)
    (24.7292 0.323527 20.3)
    (24.7292 0.323527 20.3)
    (24.7281 0.32296 20.3)
    (24.7281 0.32296 20.3)
    (24.7271 0.322394 20.3)
    (24.7271 0.322394 20.3)
    (24.726 0.321828 20.3)
    (24.726 0.321828 20.3)
    (24.725 0.321261 20.3)
    (24.725 0.321261 20.3)
    (24.7239 0.320695 20.3)
    (24.7239 0.320695 20.3)
    (24.7229 0.320129 20.3)
    (24.7229 0.320129 20.3)
    (24.7218 0.319562 20.3)
    (24.7218 0.319562 20.3)
    (24.7207 0.318996 20.3)
    (24.7207 0.318996 20.3)
    (24.7197 0.318429 20.3)
    (24.7197 0.318429 20.3)
    (24.7186 0.317866 20.3)
    (24.7186 0.317866 20.3)
    (24.7176 0.317308 20.3)
    (24.7176 0.317308 20.3)
    (24.7165 0.316751 20.3)
    (24.7165 0.316751 20.3)
    (24.7154 0.316198 20.3)
    (24.7154 0.316198 20.3)
    (24.7143 0.315663 20.3)
    (24.7143 0.315663 20.3)
    (24.7131 0.315128 20.3)
    (24.7131 0.315128 20.3)
    (24.712 0.314592 20.3)
    (24.712 0.314592 20.3)
    (24.7108 0.314057 20.3)
    (24.7108 0.314057 20.3)
    (24.7097 0.313522 20.3)
    (24.7097 0.313522 20.3)
    (24.7085 0.312987 20.3)
    (24.7085 0.312987 20.3)
    (24.7074 0.312452 20.3)
    (24.7074 0.312452 20.3)
    (24.7062 0.311917 20.3)
    (24.7062 0.311917 20.3)
    (24.7051 0.311382 20.3)
    (24.7051 0.311382 20.3)
    (24.7039 0.310846 20.3)
    (24.7039 0.310846 20.3)
    (24.7028 0.310311 20.3)
    (24.7028 0.310311 20.3)
    (24.7017 0.309776 20.3)
    (24.7017 0.309776 20.3)
    (24.7005 0.309241 20.3)
    (24.7005 0.309241 20.3)
    (24.6994 0.308706 20.3)
    (24.6994 0.308706 20.3)
    (24.6983 0.308112 20.3)
    (24.6983 0.308112 20.3)
    (24.6972 0.307497 20.3)
    (24.6972 0.307497 20.3)
    (24.6961 0.306881 20.3)
    (24.6961 0.306881 20.3)
    (24.6951 0.306268 20.3)
    (24.6951 0.306268 20.3)
    (24.694 0.305656 20.3)
    (24.694 0.305656 20.3)
    (24.6929 0.305045 20.3)
    (24.6929 0.305045 20.3)
    (24.6918 0.304435 20.3)
    (24.6918 0.304435 20.3)
    (24.6908 0.303824 20.3)
    (24.6908 0.303824 20.3)
    (24.6897 0.303203 20.3)
    (24.6897 0.303203 20.3)
    (24.6887 0.302573 20.3)
    (24.6887 0.302573 20.3)
    (24.6877 0.301942 20.3)
    (24.6877 0.301942 20.3)
    (24.6866 0.301312 20.3)
    (24.6866 0.301312 20.3)
    (24.6856 0.300681 20.3)
    (24.6856 0.300681 20.3)
    (24.6846 0.300052 20.3)
    (24.6846 0.300052 20.3)
    (24.6835 0.299428 20.3)
    (24.6835 0.299428 20.3)
    (24.6825 0.298807 20.3)
    (24.6825 0.298807 20.3)
    (24.6815 0.298187 20.3)
    (24.6815 0.298187 20.3)
    (24.6804 0.297566 20.3)
    (24.6804 0.297566 20.3)
    (24.6794 0.296946 20.3)
    (24.6794 0.296946 20.3)
    (24.6784 0.296325 20.3)
    (24.6784 0.296325 20.3)
    (24.6774 0.295705 20.3)
    (24.6774 0.295705 20.3)
    (24.6763 0.295084 20.3)
    (24.6763 0.295084 20.3)
    (24.6753 0.294464 20.3)
    (24.6753 0.294464 20.3)
    (24.6743 0.293843 20.3)
    (24.6743 0.293843 20.3)
    (24.6732 0.293222 20.3)
    (24.6732 0.293222 20.3)
    (24.6722 0.292602 20.3)
    (24.6722 0.292602 20.3)
    (24.6712 0.291981 20.3)
    (24.6712 0.291981 20.3)
    (24.6701 0.291361 20.3)
    (24.6701 0.291361 20.3)
    (24.6691 0.29074 20.3)
    (24.6691 0.29074 20.3)
    (24.6681 0.29012 20.3)
    (24.6681 0.29012 20.3)
    (24.667 0.289499 20.3)
    (24.667 0.289499 20.3)
    (24.666 0.288879 20.3)
    (24.666 0.288879 20.3)
    (24.665 0.288258 20.3)
    (24.665 0.288258 20.3)
    (24.6639 0.287637 20.3)
    (24.6639 0.287637 20.3)
    (24.6629 0.286998 20.3)
    (24.6629 0.286998 20.3)
    (24.662 0.286317 20.3)
    (24.662 0.286317 20.3)
    (24.661 0.285638 20.3)
    (24.661 0.285638 20.3)
    (24.6601 0.28496 20.3)
    (24.6601 0.28496 20.3)
    (24.6591 0.284282 20.3)
    (24.6591 0.284282 20.3)
    (24.6582 0.283604 20.3)
    (24.6582 0.283604 20.3)
    (24.6572 0.282926 20.3)
    (24.6572 0.282926 20.3)
    (24.6563 0.282261 20.3)
    (24.6563 0.282261 20.3)
    (24.6554 0.281596 20.3)
    (24.6554 0.281596 20.3)
    (24.6545 0.280932 20.3)
    (24.6545 0.280932 20.3)
    (24.6536 0.280267 20.3)
    (24.6536 0.280267 20.3)
    (24.6526 0.279606 20.3)
    (24.6526 0.279606 20.3)
    (24.6517 0.27895 20.3)
    (24.6517 0.27895 20.3)
    (24.6508 0.278294 20.3)
    (24.6508 0.278294 20.3)
    (24.6498 0.277638 20.3)
    (24.6498 0.277638 20.3)
    (24.6489 0.276982 20.3)
    (24.6489 0.276982 20.3)
    (24.648 0.276326 20.3)
    (24.648 0.276326 20.3)
    (24.6471 0.27567 20.3)
    (24.6471 0.27567 20.3)
    (24.6461 0.275014 20.3)
    (24.6461 0.275014 20.3)
    (24.6452 0.274358 20.3)
    (24.6452 0.274358 20.3)
    (24.6443 0.273702 20.3)
    (24.6443 0.273702 20.3)
    (24.6434 0.273046 20.3)
    (24.6434 0.273046 20.3)
    (24.6424 0.27239 20.3)
    (24.6424 0.27239 20.3)
    (24.6415 0.271734 20.3)
    (24.6415 0.271734 20.3)
    (24.6406 0.271078 20.3)
    (24.6406 0.271078 20.3)
    (24.6396 0.270422 20.3)
    (24.6396 0.270422 20.3)
    (24.6387 0.269766 20.3)
    (24.6387 0.269766 20.3)
    (24.6378 0.26911 20.3)
    (24.6378 0.26911 20.3)
    (24.6369 0.268454 20.3)
    (24.6369 0.268454 20.3)
    (24.636 0.267792 20.3)
    (24.636 0.267792 20.3)
    (24.6351 0.267124 20.3)
    (24.6351 0.267124 20.3)
    (24.6342 0.266457 20.3)
    (24.6342 0.266457 20.3)
    (24.633 0.265567 20.3)
    (24.633 0.265567 20.3)
    (24.6315 0.26443 20.3)
    (24.6315 0.26443 20.3)
    (24.6302 0.263241 20.3)
    (24.6302 0.263241 20.3)
    (24.6288 0.262052 20.3)
    (24.6288 0.262052 20.3)
    (24.6275 0.260864 20.3)
    (24.6275 0.260864 20.3)
    (24.6262 0.259675 20.3)
    (24.6262 0.259675 20.3)
    (24.6247 0.258468 20.3)
    (24.6247 0.258468 20.3)
    (24.6232 0.257258 20.3)
    (24.6232 0.257258 20.3)
    (24.6216 0.256048 20.3)
    (24.6216 0.256048 20.3)
    (24.6201 0.254838 20.3)
    (24.6201 0.254838 20.3)
    (24.6186 0.253628 20.3)
    (24.6186 0.253628 20.3)
    (24.6171 0.252418 20.3)
    (24.6171 0.252418 20.3)
    (24.6156 0.251208 20.3)
    (24.6156 0.251208 20.3)
    (24.6141 0.249998 20.3)
    (24.6141 0.249998 20.3)
    (24.6126 0.248788 20.3)
    (24.6126 0.248788 20.3)
    (24.6111 0.247578 20.3)
    (24.6111 0.247578 20.3)
    (24.6096 0.246368 20.3)
    (24.6096 0.246368 20.3)
    (24.6081 0.245165 20.3)
    (24.6081 0.245165 20.3)
    (24.6065 0.243973 20.3)
    (24.6065 0.243973 20.3)
    (24.605 0.242785 20.3)
    (24.605 0.242785 20.3)
    (24.6035 0.241598 20.3)
    (24.6035 0.241598 20.3)
    (24.602 0.240364 20.3)
    (24.602 0.240364 20.3)
    (24.6007 0.239093 20.3)
    (24.6007 0.239093 20.3)
    (24.5993 0.237823 20.3)
    (24.5993 0.237823 20.3)
    (24.5979 0.236552 20.3)
    (24.5979 0.236552 20.3)
    (24.5966 0.235282 20.3)
    (24.5966 0.235282 20.3)
    (24.5952 0.234011 20.3)
    (24.5952 0.234011 20.3)
    (24.5939 0.232741 20.3)
    (24.5939 0.232741 20.3)
    (24.5925 0.23147 20.3)
    (24.5925 0.23147 20.3)
    (24.5911 0.2302 20.3)
    (24.5911 0.2302 20.3)
    (24.5898 0.228929 20.3)
    (24.5898 0.228929 20.3)
    (24.5884 0.227656 20.3)
    (24.5884 0.227656 20.3)
    (24.5872 0.226382 20.3)
    (24.5872 0.226382 20.3)
    (24.5859 0.225108 20.3)
    (24.5859 0.225108 20.3)
    (24.5846 0.223835 20.3)
    (24.5846 0.223835 20.3)
    (24.5833 0.222572 20.3)
    (24.5833 0.222572 20.3)
    (24.582 0.221314 20.3)
    (24.582 0.221314 20.3)
    (24.5807 0.220056 20.3)
    (24.5807 0.220056 20.3)
    (24.5794 0.218799 20.3)
    (24.5794 0.218799 20.3)
    (24.5781 0.217541 20.3)
    (24.5781 0.217541 20.3)
    (24.5768 0.21628 20.3)
    (24.5768 0.21628 20.3)
    (24.5757 0.214972 20.3)
    (24.5757 0.214972 20.3)
    (24.5746 0.213666 20.3)
    (24.5746 0.213666 20.3)
    (24.5735 0.21237 20.3)
    (24.5735 0.21237 20.3)
    (24.5723 0.21108 20.3)
    (24.5723 0.21108 20.3)
    (24.5712 0.209791 20.3)
    (24.5712 0.209791 20.3)
    (24.5701 0.208501 20.3)
    (24.5701 0.208501 20.3)
    (24.5689 0.207212 20.3)
    (24.5689 0.207212 20.3)
    (24.5678 0.205922 20.3)
    (24.5678 0.205922 20.3)
    (24.5666 0.204633 20.3)
    (24.5666 0.204633 20.3)
    (24.5655 0.203343 20.3)
    (24.5655 0.203343 20.3)
    (24.5644 0.202054 20.3)
    (24.5644 0.202054 20.3)
    (24.5632 0.200765 20.3)
    (24.5632 0.200765 20.3)
    (24.5621 0.199473 20.3)
    (24.5621 0.199473 20.3)
    (24.5608 0.198126 20.3)
    (24.5608 0.198126 20.3)
    (24.5595 0.196778 20.3)
    (24.5595 0.196778 20.3)
    (24.5582 0.195431 20.3)
    (24.5582 0.195431 20.3)
    (24.5568 0.194084 20.3)
    (24.5568 0.194084 20.3)
    (24.5555 0.192737 20.3)
    (24.5555 0.192737 20.3)
    (24.5542 0.191389 20.3)
    (24.5542 0.191389 20.3)
    (24.5531 0.190006 20.3)
    (24.5531 0.190006 20.3)
    (24.5519 0.188628 20.3)
    (24.5519 0.188628 20.3)
    (24.5508 0.187251 20.3)
    (24.5508 0.187251 20.3)
    (24.5496 0.185874 20.3)
    (24.5496 0.185874 20.3)
    (24.5485 0.184504 20.3)
    (24.5485 0.184504 20.3)
    (24.5474 0.183139 20.3)
    (24.5474 0.183139 20.3)
    (24.5464 0.181775 20.3)
    (24.5464 0.181775 20.3)
    (24.5453 0.18041 20.3)
    (24.5453 0.18041 20.3)
    (24.5442 0.179046 20.3)
    (24.5442 0.179046 20.3)
    (24.5432 0.177681 20.3)
    (24.5432 0.177681 20.3)
    (24.5421 0.176317 20.3)
    (24.5421 0.176317 20.3)
    (24.541 0.174952 20.3)
    (24.541 0.174952 20.3)
    (24.54 0.173588 20.3)
    (24.54 0.173588 20.3)
    (24.5389 0.172223 20.3)
    (24.5389 0.172223 20.3)
    (24.5379 0.170859 20.3)
    (24.5379 0.170859 20.3)
    (24.5368 0.169494 20.3)
    (24.5368 0.169494 20.3)
    (24.5357 0.16813 20.3)
    (24.5357 0.16813 20.3)
    (24.5347 0.166765 20.3)
    (24.5347 0.166765 20.3)
    (24.5336 0.165408 20.3)
    (24.5336 0.165408 20.3)
    (24.5327 0.164044 20.3)
    (24.5327 0.164044 20.3)
    (24.5317 0.162684 20.3)
    (24.5317 0.162684 20.3)
    (24.5308 0.161324 20.3)
    (24.5308 0.161324 20.3)
    (24.5299 0.159964 20.3)
    (24.5299 0.159964 20.3)
    (24.529 0.158605 20.3)
    (24.529 0.158605 20.3)
    (24.5281 0.157245 20.3)
    (24.5281 0.157245 20.3)
    (24.5271 0.155885 20.3)
    (24.5271 0.155885 20.3)
    (24.5262 0.154525 20.3)
    (24.5262 0.154525 20.3)
    (24.5253 0.153166 20.3)
    (24.5253 0.153166 20.3)
    (24.5244 0.151806 20.3)
    (24.5244 0.151806 20.3)
    (24.5235 0.150446 20.3)
    (24.5235 0.150446 20.3)
    (24.5225 0.149086 20.3)
    (24.5225 0.149086 20.3)
    (24.5216 0.147727 20.3)
    (24.5216 0.147727 20.3)
    (24.5207 0.146367 20.3)
    (24.5207 0.146367 20.3)
    (24.5198 0.145007 20.3)
    (24.5198 0.145007 20.3)
    (24.5188 0.143647 20.3)
    (24.5188 0.143647 20.3)
    (24.5179 0.142287 20.3)
    (24.5179 0.142287 20.3)
    (24.517 0.140926 20.3)
    (24.517 0.140926 20.3)
    (24.516 0.139461 20.3)
    (24.516 0.139461 20.3)
    (24.5152 0.138018 20.3)
    (24.5152 0.138018 20.3)
    (24.5143 0.136584 20.3)
    (24.5143 0.136584 20.3)
    (24.5135 0.13515 20.3)
    (24.5135 0.13515 20.3)
    (24.5126 0.133715 20.3)
    (24.5126 0.133715 20.3)
    (24.5118 0.132285 20.3)
    (24.5118 0.132285 20.3)
    (24.5109 0.130878 20.3)
    (24.5109 0.130878 20.3)
    (24.5101 0.129477 20.3)
    (24.5101 0.129477 20.3)
    (24.5092 0.128075 20.3)
    (24.5092 0.128075 20.3)
    (24.5083 0.126673 20.3)
    (24.5083 0.126673 20.3)
    (24.5075 0.125272 20.3)
    (24.5075 0.125272 20.3)
    (24.5066 0.12387 20.3)
    (24.5066 0.12387 20.3)
    (24.5057 0.122469 20.3)
    (24.5057 0.122469 20.3)
    (24.5048 0.121067 20.3)
    (24.5048 0.121067 20.3)
    (24.504 0.119665 20.3)
    (24.504 0.119665 20.3)
    (24.5031 0.118264 20.3)
    (24.5031 0.118264 20.3)
    (24.5022 0.116862 20.3)
    (24.5022 0.116862 20.3)
    (24.5014 0.115461 20.3)
    (24.5014 0.115461 20.3)
    (24.5005 0.114059 20.3)
    (24.5005 0.114059 20.3)
    (24.4998 0.112664 20.3)
    (24.4998 0.112664 20.3)
    (24.4991 0.111269 20.3)
    (24.4991 0.111269 20.3)
    (24.4985 0.109874 20.3)
    (24.4985 0.109874 20.3)
    (24.4978 0.108479 20.3)
    (24.4978 0.108479 20.3)
    (24.4971 0.107084 20.3)
    (24.4971 0.107084 20.3)
    (24.4964 0.105688 20.3)
    (24.4964 0.105688 20.3)
    (24.4957 0.104293 20.3)
    (24.4957 0.104293 20.3)
    (24.495 0.102898 20.3)
    (24.495 0.102898 20.3)
    (24.4943 0.101503 20.3)
    (24.4943 0.101503 20.3)
    (24.4937 0.100108 20.3)
    (24.4937 0.100108 20.3)
    (24.4929 0.0987252 20.3)
    (24.4929 0.0987252 20.3)
    (24.4922 0.0973566 20.3)
    (24.4922 0.0973566 20.3)
    (24.4915 0.0959897 20.3)
    (24.4915 0.0959897 20.3)
    (24.4907 0.0946228 20.3)
    (24.4907 0.0946228 20.3)
    (24.49 0.0932559 20.3)
    (24.49 0.0932559 20.3)
    (24.4892 0.0918891 20.3)
    (24.4892 0.0918891 20.3)
    (24.4885 0.0905448 20.3)
    (24.4885 0.0905448 20.3)
    (24.4879 0.0892157 20.3)
    (24.4879 0.0892157 20.3)
    (24.4874 0.0879142 20.3)
    (24.4874 0.0879142 20.3)
    (24.4868 0.0865445 20.3)
    (24.4868 0.0865445 20.3)
    (24.4862 0.0850929 20.3)
    (24.4862 0.0850929 20.3)
    (24.4855 0.0836413 20.3)
    (24.4855 0.0836413 20.3)
    (24.4849 0.0821897 20.3)
    (24.4849 0.0821897 20.3)
    (24.4842 0.0807381 20.3)
    (24.4842 0.0807381 20.3)
    (24.4836 0.0792865 20.3)
    (24.4836 0.0792865 20.3)
    (24.483 0.0778349 20.3)
    (24.483 0.0778349 20.3)
    (24.4823 0.0763833 20.3)
    (24.4823 0.0763833 20.3)
    (24.4817 0.0749317 20.3)
    (24.4817 0.0749317 20.3)
    (24.4811 0.0734801 20.3)
    (24.4811 0.0734801 20.3)
    (24.4804 0.0720285 20.3)
    (24.4804 0.0720285 20.3)
    (24.4798 0.0705769 20.3)
    (24.4798 0.0705769 20.3)
    (24.4791 0.0691253 20.3)
    (24.4791 0.0691253 20.3)
    (24.4785 0.0676737 20.3)
    (24.4785 0.0676737 20.3)
    (24.4779 0.0662221 20.3)
    (24.4779 0.0662221 20.3)
    (24.4772 0.0647705 20.3)
    (24.4772 0.0647705 20.3)
    (24.4766 0.063322 20.3)
    (24.4766 0.063322 20.3)
    (24.4761 0.0619046 20.3)
    (24.4761 0.0619046 20.3)
    (24.4757 0.0604872 20.3)
    (24.4757 0.0604872 20.3)
    (24.4752 0.0590747 20.3)
    (24.4752 0.0590747 20.3)
    (24.4747 0.0576688 20.3)
    (24.4747 0.0576688 20.3)
    (24.4742 0.0562648 20.3)
    (24.4742 0.0562648 20.3)
    (24.4737 0.0548608 20.3)
    (24.4737 0.0548608 20.3)
    (24.4721 0.0507846 20.3)
    (24.4721 0.0507846 20.3)
    (24.4694 0.044052 20.3)
    (24.4694 0.044052 20.3)
    (24.4671 0.0375501 20.3)
    (24.4671 0.0375501 20.3)
    (24.4649 0.0304897 20.3)
    (24.4649 0.0304897 20.3)
    (24.4626 0.0234046 20.3)
    (24.4626 0.0234046 20.3)
    (24.4604 0.0163298 20.3)
    (24.4604 0.0163298 20.3)
    (24.4587 0.00945497 20.3)
    (24.4587 0.00945497 20.3)
    (24.4573 0.00268606 20.3)
    (24.4573 0.00268606 20.3)
    (24.4559 -0.00407305 20.3)
    (24.4559 -0.00407305 20.3)
    (24.4544 -0.0107752 20.3)
    (24.4544 -0.0107752 20.3)
    (24.4531 -0.0177029 20.3)
    (24.4531 -0.0177029 20.3)
    (24.4515 -0.0245454 20.3)
    (24.4515 -0.0245454 20.3)
    (24.4499 -0.0313757 20.3)
    (24.4499 -0.0313757 20.3)
    (24.4486 -0.0380048 20.3)
    (24.4486 -0.0380048 20.3)
    (24.4477 -0.0444284 20.3)
    (24.4477 -0.0444284 20.3)
    (24.4468 -0.0508427 20.3)
    (24.4468 -0.0508427 20.3)
    (24.4457 -0.0580171 20.3)
    (24.4457 -0.0580171 20.3)
    (24.4452 -0.065085 20.3)
    (24.4452 -0.065085 20.3)
    (24.4449 -0.0717754 20.3)
    (24.4449 -0.0717754 20.3)
    (24.4446 -0.0784332 20.3)
    (24.4446 -0.0784332 20.3)
    (24.4444 -0.0849541 20.3)
    (24.4444 -0.0849541 20.3)
    (24.4447 -0.0911533 20.3)
    (24.4447 -0.0911533 20.3)
    (24.4448 -0.097512 20.3)
    (24.4448 -0.097512 20.3)
    (24.4444 -0.109929 20.3)
    (24.4444 -0.109929 20.3)
    (24.4444 -0.12638 20.3)
    (24.4444 -0.12638 20.3)
    (24.4453 -0.141852 20.3)
    (24.4453 -0.141852 20.3)
    (24.4469 -0.15799 20.3)
    (24.4469 -0.15799 20.3)
    (24.4492 -0.172618 20.3)
    (24.4492 -0.172618 20.3)
    (24.4522 -0.187574 20.3)
    (24.4522 -0.187574 20.3)
    (24.4551 -0.201751 20.3)
    (24.4551 -0.201751 20.3)
    (24.4576 -0.214805 20.3)
    (24.4576 -0.214805 20.3)
    (24.4605 -0.22943 20.3)
    (24.4605 -0.22943 20.3)
    (24.4635 -0.242774 20.3)
    (24.4635 -0.242774 20.3)
    (24.4667 -0.255858 20.3)
    (24.4667 -0.255858 20.3)
    (24.4707 -0.268573 20.3)
    (24.4707 -0.268573 20.3)
    (24.4746 -0.280767 20.3)
    (24.4746 -0.280767 20.3)
    (24.479 -0.292127 20.3)
    (24.479 -0.292127 20.3)
    (24.4845 -0.30418 20.3)
    (24.4845 -0.30418 20.3)
    (24.4901 -0.314986 20.3)
    (24.4901 -0.314986 20.3)
    (24.4956 -0.325539 20.3)
    (24.4956 -0.325539 20.3)
    (24.5017 -0.335549 20.3)
    (24.5017 -0.335549 20.3)
    (24.5075 -0.345445 20.3)
    (24.5075 -0.345445 20.3)
    (24.5123 -0.355372 20.3)
    (24.5123 -0.355372 20.3)
    (24.5167 -0.364924 20.3)
    (24.5167 -0.364924 20.3)
    (24.5224 -0.374829 20.3)
    (24.5224 -0.374829 20.3)
    (24.5279 -0.384027 20.3)
    (24.5279 -0.384027 20.3)
    (24.5333 -0.392773 20.3)
    (24.5333 -0.392773 20.3)
    (24.5385 -0.401628 20.3)
    (24.5385 -0.401628 20.3)
    (24.5449 -0.410155 20.3)
    (24.5449 -0.410155 20.3)
    (24.5512 -0.418124 20.3)
    (24.5512 -0.418124 20.3)
    (24.5569 -0.425709 20.3)
    (24.5569 -0.425709 20.3)
    (24.5625 -0.432936 20.3)
    (24.5625 -0.432936 20.3)
    (24.5683 -0.439832 20.3)
    (24.5683 -0.439832 20.3)
    (24.574 -0.447139 20.3)
    (24.574 -0.447139 20.3)
    (24.5791 -0.45486 20.3)
    (24.5791 -0.45486 20.3)
    (24.5842 -0.46214 20.3)
    (24.5842 -0.46214 20.3)
    (24.589 -0.468923 20.3)
    (24.589 -0.468923 20.3)
    (24.5944 -0.47549 20.3)
    (24.5944 -0.47549 20.3)
    (24.6002 -0.481853 20.3)
    (24.6002 -0.481853 20.3)
    (24.6058 -0.488051 20.3)
    (24.6058 -0.488051 20.3)
    (24.6113 -0.493584 20.3)
    (24.6113 -0.493584 20.3)
    (24.6166 -0.499426 20.3)
    (24.6166 -0.499426 20.3)
    (24.6218 -0.50513 20.3)
    (24.6218 -0.50513 20.3)
    (24.6274 -0.510552 20.3)
    (24.6274 -0.510552 20.3)
    (24.6334 -0.515739 20.3)
    (24.6334 -0.515739 20.3)
    (24.639 -0.520304 20.3)
    (24.639 -0.520304 20.3)
    (24.6446 -0.524747 20.3)
    (24.6446 -0.524747 20.3)
    (24.65 -0.529086 20.3)
    (24.65 -0.529086 20.3)
    (24.6552 -0.533384 20.3)
    (24.6552 -0.533384 20.3)
    (24.66 -0.537948 20.3)
    (24.66 -0.537948 20.3)
    (24.6645 -0.543123 20.3)
    (24.6645 -0.543123 20.3)
    (24.6693 -0.547731 20.3)
    (24.6693 -0.547731 20.3)
    (24.6739 -0.552185 20.3)
    (24.6739 -0.552185 20.3)
    (24.6785 -0.556535 20.3)
    (24.6785 -0.556535 20.3)
    (24.6829 -0.560782 20.3)
    (24.6829 -0.560782 20.3)
    (24.6872 -0.56493 20.3)
    (24.6872 -0.56493 20.3)
    (24.6914 -0.56898 20.3)
    (24.6914 -0.56898 20.3)
    (24.6955 -0.572935 20.3)
    (24.6955 -0.572935 20.3)
    (24.6995 -0.576798 20.3)
    (24.6995 -0.576798 20.3)
    (24.7038 -0.580359 20.3)
    (24.7038 -0.580359 20.3)
    (24.7082 -0.58368 20.3)
    (24.7082 -0.58368 20.3)
    (24.7125 -0.586923 20.3)
    (24.7125 -0.586923 20.3)
    (24.7167 -0.59009 20.3)
    (24.7167 -0.59009 20.3)
    (24.7208 -0.593183 20.3)
    (24.7208 -0.593183 20.3)
    (24.7248 -0.596203 20.3)
    (24.7248 -0.596203 20.3)
    (24.7287 -0.599152 20.3)
    (24.7287 -0.599152 20.3)
    (24.7325 -0.602032 20.3)
    (24.7325 -0.602032 20.3)
    (24.7362 -0.604844 20.3)
    (24.7362 -0.604844 20.3)
    (24.7399 -0.60759 20.3)
    (24.7399 -0.60759 20.3)
    (24.7434 -0.610272 20.3)
    (24.7434 -0.610272 20.3)
    (24.7468 -0.612718 20.3)
    (24.7468 -0.612718 20.3)
    (24.7505 -0.614763 20.3)
    (24.7505 -0.614763 20.3)
    (24.7542 -0.616897 20.3)
    (24.7542 -0.616897 20.3)
    (24.7579 -0.618981 20.3)
    (24.7579 -0.618981 20.3)
    (24.7614 -0.621016 20.3)
    (24.7614 -0.621016 20.3)
    (24.7649 -0.623003 20.3)
    (24.7649 -0.623003 20.3)
    (24.7683 -0.624944 20.3)
    (24.7683 -0.624944 20.3)
    (24.7717 -0.626839 20.3)
    (24.7717 -0.626839 20.3)
    (24.7749 -0.628689 20.3)
    (24.7749 -0.628689 20.3)
    (24.7781 -0.630496 20.3)
    (24.7781 -0.630496 20.3)
    (24.7812 -0.632261 20.3)
    (24.7812 -0.632261 20.3)
    (24.7842 -0.633984 20.3)
    (24.7842 -0.633984 20.3)
    (24.7871 -0.635667 20.3)
    (24.7871 -0.635667 20.3)
    (24.79 -0.63731 20.3)
    (24.79 -0.63731 20.3)
    (24.7928 -0.638884 20.3)
    (24.7928 -0.638884 20.3)
    (24.7954 -0.640287 20.3)
    (24.7954 -0.640287 20.3)
    (24.798 -0.641657 20.3)
    (24.798 -0.641657 20.3)
    (24.8007 -0.642791 20.3)
    (24.8007 -0.642791 20.3)
    (24.8034 -0.643868 20.3)
    (24.8034 -0.643868 20.3)
    (24.8061 -0.644935 20.3)
    (24.8061 -0.644935 20.3)
    (24.8088 -0.646046 20.3)
    (24.8088 -0.646046 20.3)
    (24.8114 -0.647131 20.3)
    (24.8114 -0.647131 20.3)
    (24.814 -0.64819 20.3)
    (24.814 -0.64819 20.3)
    (24.8165 -0.649225 20.3)
    (24.8165 -0.649225 20.3)
    (24.819 -0.650235 20.3)
    (24.819 -0.650235 20.3)
    (24.8213 -0.651486 20.3)
    (24.8213 -0.651486 20.3)
    (24.8235 -0.653029 20.3)
    (24.8235 -0.653029 20.3)
    (24.8258 -0.654657 20.3)
    (24.8258 -0.654657 20.3)
    (24.8282 -0.656375 20.3)
    (24.8282 -0.656375 20.3)
    (24.8308 -0.658187 20.3)
    (24.8308 -0.658187 20.3)
    (24.8336 -0.6601 20.3)
    (24.8336 -0.6601 20.3)
    (24.8365 -0.662117 20.3)
    (24.8365 -0.662117 20.3)
    (24.8395 -0.664246 20.3)
    (24.8395 -0.664246 20.3)
    (24.8427 -0.666492 20.3)
    (24.8427 -0.666492 20.3)
    (24.8461 -0.668862 20.3)
    (24.8461 -0.668862 20.3)
    (24.8495 -0.671238 20.3)
    (24.8495 -0.671238 20.3)
    (24.8535 -0.673371 20.3)
    (24.8535 -0.673371 20.3)
    (24.8579 -0.675709 20.3)
    (24.8579 -0.675709 20.3)
    (24.8625 -0.678175 20.3)
    (24.8625 -0.678175 20.3)
    (24.8674 -0.680786 20.3)
    (24.8674 -0.680786 20.3)
    (24.8725 -0.683636 20.3)
    (24.8725 -0.683636 20.3)
    (24.8779 -0.686642 20.3)
    (24.8779 -0.686642 20.3)
    (24.8836 -0.689815 20.3)
    (24.8836 -0.689815 20.3)
    (24.8896 -0.693162 20.3)
    (24.8896 -0.693162 20.3)
    (24.8959 -0.696694 20.3)
    (24.8959 -0.696694 20.3)
    (24.903 -0.70052 20.3)
    (24.903 -0.70052 20.3)
    (24.911 -0.703736 20.3)
    (24.911 -0.703736 20.3)
    (24.919 -0.707054 20.3)
    (24.919 -0.707054 20.3)
    (24.9274 -0.710556 20.3)
    (24.9274 -0.710556 20.3)
    (24.9363 -0.71425 20.3)
    (24.9363 -0.71425 20.3)
    (24.9458 -0.718212 20.3)
    (24.9458 -0.718212 20.3)
    (24.9563 -0.722662 20.3)
    (24.9563 -0.722662 20.3)
    (24.968 -0.725917 20.3)
    (24.968 -0.725917 20.3)
    (24.98 -0.729295 20.3)
    (24.98 -0.729295 20.3)
    (24.9922 -0.732877 20.3)
    (24.9922 -0.732877 20.3)
    (25.0058 -0.737011 20.3)
    (25.0058 -0.737011 20.3)
    (25.0204 -0.740692 20.3)
    (25.0204 -0.740692 20.3)
    (25.0355 -0.744981 20.3)
    (25.0355 -0.744981 20.3)
    (25.0514 -0.751179 20.3)
    (25.0514 -0.751179 20.3)
    (25.068 -0.758026 20.3)
    (25.068 -0.758026 20.3)
    (25.0859 -0.763257 20.3)
    (25.0859 -0.763257 20.3)
    (25.1059 -0.768776 20.3)
    (25.1059 -0.768776 20.3)
    (25.1269 -0.774608 20.3)
    (25.1269 -0.774608 20.3)
    (25.1498 -0.779474 20.3)
    (25.1498 -0.779474 20.3)
    (25.1739 -0.784381 20.3)
    (25.1739 -0.784381 20.3)
    (25.2007 -0.789262 20.3)
    (25.2007 -0.789262 20.3)
    (25.2283 -0.79489 20.3)
    (25.2283 -0.79489 20.3)
    (25.2578 -0.802429 20.3)
    (25.2578 -0.802429 20.3)
    (25.2896 -0.807686 20.3)
    (25.2896 -0.807686 20.3)
    (25.325 -0.81298 20.3)
    (25.325 -0.81298 20.3)
    (25.3623 -0.816567 20.3)
    (25.3623 -0.816567 20.3)
    (25.4019 -0.821971 20.3)
    (25.4019 -0.821971 20.3)
    (25.4449 -0.829895 20.3)
    (25.4449 -0.829895 20.3)
    (25.4917 -0.835471 20.3)
    (25.4917 -0.835471 20.3)
    (25.5425 -0.839626 20.3)
    (25.5425 -0.839626 20.3)
    (25.5982 -0.84087 20.3)
    (25.5982 -0.84087 20.3)
    (25.6575 -0.840479 20.3)
    (25.6575 -0.840479 20.3)
    (25.721 -0.842222 20.3)
    (25.721 -0.842222 20.3)
    (25.7907 -0.8442 20.3)
    (25.7907 -0.8442 20.3)
    (25.8662 -0.842512 20.3)
    (25.8662 -0.842512 20.3)
    (25.9225 -0.840826 20.3)
    (25.9225 -0.840826 20.3)
    (25.9538 -0.841219 20.3)
    (25.9538 -0.841219 20.3)
    (25.9858 -0.840965 20.3)
    (25.9858 -0.840965 20.3)
    (26.0187 -0.839829 20.3)
    (26.0187 -0.839829 20.3)
    (26.05 -0.838376 20.3)
    (26.05 -0.838376 20.3)
    (26.0816 -0.835739 20.3)
    (26.0816 -0.835739 20.3)
    (26.1137 -0.833065 20.3)
    (26.1137 -0.833065 20.3)
    (26.1457 -0.831237 20.3)
    (26.1457 -0.831237 20.3)
    (26.1764 -0.830291 20.3)
    (26.1764 -0.830291 20.3)
    (26.2078 -0.828351 20.3)
    (26.2078 -0.828351 20.3)
    (26.2395 -0.825535 20.3)
    (26.2395 -0.825535 20.3)
    (26.2708 -0.822255 20.3)
    (26.2708 -0.822255 20.3)
    (26.2898 -0.820737 20.3)
    (26.2898 -0.820737 20.3)
    (26.2983 -0.820071 20.3)
    (26.2983 -0.820071 20.3)
    (26.3068 -0.81949 20.3)
    (26.3068 -0.81949 20.3)
    (26.3152 -0.818909 20.3)
    (26.3152 -0.818909 20.3)
    (26.3238 -0.818193 20.3)
    (26.3238 -0.818193 20.3)
    (26.3324 -0.817424 20.3)
    (26.3324 -0.817424 20.3)
    (26.341 -0.816654 20.3)
    (26.341 -0.816654 20.3)
    (26.3496 -0.815885 20.3)
    (26.3496 -0.815885 20.3)
    (26.3583 -0.815019 20.3)
    (26.3583 -0.815019 20.3)
    (26.367 -0.813839 20.3)
    (26.367 -0.813839 20.3)
    (26.3758 -0.81266 20.3)
    (26.3758 -0.81266 20.3)
    (26.3846 -0.81148 20.3)
    (26.3846 -0.81148 20.3)
    (26.3934 -0.810407 20.3)
    (26.3934 -0.810407 20.3)
    (26.4022 -0.809457 20.3)
    (26.4022 -0.809457 20.3)
    (26.4107 -0.808741 20.3)
    (26.4107 -0.808741 20.3)
    (26.4192 -0.80817 20.3)
    (26.4192 -0.80817 20.3)
    (26.4277 -0.807518 20.3)
    (26.4277 -0.807518 20.3)
    (26.4363 -0.806624 20.3)
    (26.4363 -0.806624 20.3)
    (26.445 -0.805624 20.3)
    (26.445 -0.805624 20.3)
    (26.4537 -0.804525 20.3)
    (26.4537 -0.804525 20.3)
    (26.4624 -0.803426 20.3)
    (26.4624 -0.803426 20.3)
    (26.4712 -0.802327 20.3)
    (26.4712 -0.802327 20.3)
    (26.4799 -0.801227 20.3)
    (26.4799 -0.801227 20.3)
    (26.4886 -0.800142 20.3)
    (26.4886 -0.800142 20.3)
    (26.4974 -0.799027 20.3)
    (26.4974 -0.799027 20.3)
    (26.5062 -0.797687 20.3)
    (26.5062 -0.797687 20.3)
    (26.515 -0.79642 20.3)
    (26.515 -0.79642 20.3)
    (26.5239 -0.795224 20.3)
    (26.5239 -0.795224 20.3)
    (26.5327 -0.794028 20.3)
    (26.5327 -0.794028 20.3)
    (26.5416 -0.792819 20.3)
    (26.5416 -0.792819 20.3)
    (26.5506 -0.791602 20.3)
    (26.5506 -0.791602 20.3)
    (26.5595 -0.790386 20.3)
    (26.5595 -0.790386 20.3)
    (26.5685 -0.789041 20.3)
    (26.5685 -0.789041 20.3)
    (26.5775 -0.78722 20.3)
    (26.5775 -0.78722 20.3)
    (26.5864 -0.78571 20.3)
    (26.5864 -0.78571 20.3)
    (26.5938 -0.784497 20.3)
    (26.5938 -0.784497 20.3)
    (26.5997 -0.783562 20.3)
    (26.5997 -0.783562 20.3)
    (26.6056 -0.782658 20.3)
    (26.6056 -0.782658 20.3)
    (26.6116 -0.781753 20.3)
    (26.6116 -0.781753 20.3)
    (26.6175 -0.780849 20.3)
    (26.6175 -0.780849 20.3)
    (26.6235 -0.779945 20.3)
    (26.6235 -0.779945 20.3)
    (26.6294 -0.779041 20.3)
    (26.6294 -0.779041 20.3)
    (26.6354 -0.778137 20.3)
    (26.6354 -0.778137 20.3)
    (26.6413 -0.777232 20.3)
    (26.6413 -0.777232 20.3)
    (26.6473 -0.776234 20.3)
    (26.6473 -0.776234 20.3)
    (26.6532 -0.775099 20.3)
    (26.6532 -0.775099 20.3)
    (26.6592 -0.77399 20.3)
    (26.6592 -0.77399 20.3)
    (26.6652 -0.77288 20.3)
    (26.6652 -0.77288 20.3)
    (26.6711 -0.771771 20.3)
    (26.6711 -0.771771 20.3)
    (26.6771 -0.770686 20.3)
    (26.6771 -0.770686 20.3)
    (26.6831 -0.76964 20.3)
    (26.6831 -0.76964 20.3)
    (26.6891 -0.768532 20.3)
    (26.6891 -0.768532 20.3)
    (26.6951 -0.767339 20.3)
    (26.6951 -0.767339 20.3)
    (26.7011 -0.766146 20.3)
    (26.7011 -0.766146 20.3)
    (26.7071 -0.764952 20.3)
    (26.7071 -0.764952 20.3)
    (26.7131 -0.763759 20.3)
    (26.7131 -0.763759 20.3)
    (26.7191 -0.762566 20.3)
    (26.7191 -0.762566 20.3)
    (26.7251 -0.761307 20.3)
    (26.7251 -0.761307 20.3)
    (26.7311 -0.759866 20.3)
    (26.7311 -0.759866 20.3)
    (26.737 -0.758443 20.3)
    (26.737 -0.758443 20.3)
    (26.743 -0.757019 20.3)
    (26.743 -0.757019 20.3)
    (26.7489 -0.75562 20.3)
    (26.7489 -0.75562 20.3)
    (26.7549 -0.754249 20.3)
    (26.7549 -0.754249 20.3)
    (26.7609 -0.752882 20.3)
    (26.7609 -0.752882 20.3)
    (26.7668 -0.751516 20.3)
    (26.7668 -0.751516 20.3)
    (26.7728 -0.75015 20.3)
    (26.7728 -0.75015 20.3)
    (26.7787 -0.748784 20.3)
    (26.7787 -0.748784 20.3)
    (26.7847 -0.747417 20.3)
    (26.7847 -0.747417 20.3)
    (26.7907 -0.746069 20.3)
    (26.7907 -0.746069 20.3)
    (26.7966 -0.744771 20.3)
    (26.7966 -0.744771 20.3)
)
