950
(
    -181.774
    -181.691
    -181.606
    -181.521
    -181.434
    -181.346
    -181.257
    -181.167
    -181.075
    -180.982
    -180.888
    -180.793
    -180.696
    -180.599
    -180.5
    -180.399
    -180.297
    -180.194
    -180.09
    -179.984
    -179.876
    -179.768
    -179.657
    -179.546
    -179.433
    -179.318
    -179.202
    -179.084
    -178.964
    -178.843
    -178.721
    -178.597
    -178.471
    -178.343
    -178.214
    -178.083
    -177.95
    -177.816
    -177.679
    -177.541
    -177.401
    -177.259
    -177.116
    -176.97
    -176.822
    -176.673
    -176.521
    -176.368
    -176.212
    -176.054
    -175.894
    -175.732
    -175.568
    -175.402
    -175.233
    -175.062
    -174.889
    -174.714
    -174.536
    -174.356
    -174.173
    -173.988
    -173.801
    -173.611
    -173.418
    -173.223
    -173.025
    -172.825
    -172.622
    -172.416
    -172.208
    -171.997
    -171.782
    -171.565
    -171.346
    -171.123
    -170.897
    -170.668
    -170.436
    -170.201
    -169.963
    -169.722
    -169.478
    -169.23
    -168.979
    -168.724
    -168.466
    -168.205
    -167.94
    -167.672
    -167.046
    -166.836
    -166.623
    -166.407
    -166.189
    -165.967
    -165.743
    -165.515
    -165.285
    -165.051
    -164.815
    -164.575
    -164.332
    -164.087
    -163.838
    -163.586
    -163.331
    -163.072
    -162.81
    -162.544
    -162.275
    -162.002
    -161.725
    -161.445
    -161.161
    -160.873
    -160.582
    -160.281
    -159.975
    -159.666
    -159.353
    -159.035
    -158.713
    -158.387
    -158.056
    -157.721
    -157.382
    -157.038
    -156.689
    -156.336
    -155.978
    -155.615
    -155.248
    -154.875
    -154.498
    -154.115
    -153.728
    -153.335
    -152.937
    -152.533
    -152.125
    -151.71
    -151.29
    -150.865
    -150.434
    -149.997
    -149.554
    -149.106
    -148.651
    -148.293
    -147.95
    -147.603
    -147.251
    -146.894
    -146.533
    -146.166
    -145.795
    -145.419
    -145.038
    -144.652
    -144.26
    -143.864
    -143.462
    -143.054
    -142.641
    -142.237
    -141.831
    -141.419
    -141.002
    -140.579
    -140.15
    -139.716
    -139.275
    -138.829
    -138.377
    -137.919
    -137.455
    -136.985
    -136.508
    -136.025
    -135.535
    -135.039
    -134.537
    -134.027
    -133.511
    -132.988
    -132.458
    -131.921
    -131.376
    -130.825
    -130.266
    -129.699
    -129.123
    -128.535
    -127.94
    -127.337
    -126.726
    -126.107
    -125.618
    -125.148
    -124.672
    -124.193
    -123.717
    -123.235
    -122.746
    -122.251
    -121.749
    -121.24
    -120.725
    -120.203
    -119.674
    -119.137
    -118.594
    -118.043
    -117.485
    -116.919
    -116.346
    -115.765
    -115.176
    -114.55
    -113.915
    -113.271
    -112.619
    -111.958
    -111.289
    -110.61
    -109.978
    -109.456
    -108.983
    -108.446
    -107.898
    -107.343
    -106.781
    -106.211
    -105.634
    -105.049
    -104.456
    -103.855
    -103.246
    -102.629
    -102.004
    -101.37
    -100.728
    -100.077
    -99.4683
    -98.8768
    -98.2774
    -97.67
    -97.1715
    -96.6812
    -96.1843
    -95.6809
    -95.1707
    -94.6031
    -94.0169
    -93.4228
    -92.8209
    -92.2108
    -91.6009
    -91.0583
    -90.5086
    -89.9515
    -89.3869
    -88.8148
    -88.3126
    -87.8272
    -87.3353
    -86.8369
    -86.3318
    -85.8199
    -85.3012
    -84.8094
    -84.3015
    -83.7867
    -83.2651
    -82.7365
    -82.2008
    -81.7052
    -81.2324
    -80.7532
    -80.2677
    -79.8239
    -79.4057
    -78.9819
    -78.5524
    -78.0914
    -77.594
    -77.09
    -76.6102
    -76.1517
    -75.7287
    -75.334
    -74.9339
    -74.5285
    -74.1177
    -73.7014
    -73.2796
    -72.8221
    -72.4161
    -72.0406
    -71.6596
    -71.2675
    -70.8701
    -70.4675
    -70.0595
    -69.6757
    -69.3498
    -69.0026
    -68.629
    -68.2504
    -67.8668
    -67.478
    -67.1501
    -66.8346
    -66.5141
    -66.1893
    -65.8358
    -65.4644
    -65.151
    -64.8461
    -64.5363
    -64.2203
    -63.9
    -63.5992
    -63.3093
    -63.0108
    -62.7078
    -62.3968
    -62.0982
    -61.8434
    -61.5853
    -61.293
    -60.9908
    -60.7133
    -60.4605
    -60.2043
    -59.9447
    -59.6656
    -59.4161
    -59.1629
    -58.9063
    -58.6462
    -58.4306
    -58.1815
    -57.9267
    -57.672
    -57.4673
    -57.2392
    -56.9928
    -56.7554
    -56.5485
    -56.3214
    -56.0882
    -55.8792
    -55.6685
    -55.4369
    -55.2287
    -55.0311
    -54.8118
    -54.5946
    -54.4006
    -54.2011
    -53.9865
    -53.7887
    -53.5888
    -53.3982
    -53.1971
    -52.9934
    -52.8164
    -52.618
    -52.4183
    -52.2424
    -52.046
    -51.8607
    -51.6752
    -51.4852
    -51.3084
    -51.1107
    -50.9397
    -50.7545
    -50.5703
    -50.3947
    -50.21
    -50.0304
    -49.8574
    -49.6734
    -49.502
    -49.3204
    -49.1457
    -48.9682
    -48.7934
    -48.6134
    -48.4433
    -48.2594
    -48.0939
    -47.9128
    -47.7435
    -47.5654
    -47.3914
    -47.2172
    -181.774
    -181.691
    -181.606
    -181.521
    -181.434
    -181.346
    -181.257
    -181.167
    -181.075
    -180.982
    -180.888
    -180.793
    -180.696
    -180.599
    -180.5
    -180.399
    -180.297
    -180.194
    -180.09
    -179.984
    -179.876
    -179.768
    -179.657
    -179.546
    -179.433
    -179.318
    -179.202
    -179.084
    -178.964
    -178.843
    -178.721
    -178.597
    -178.471
    -178.343
    -178.214
    -178.083
    -177.95
    -177.816
    -177.679
    -177.541
    -177.401
    -177.259
    -177.116
    -176.97
    -176.822
    -176.673
    -176.521
    -176.368
    -176.212
    -176.054
    -175.894
    -175.732
    -175.568
    -175.402
    -175.233
    -175.062
    -174.889
    -174.714
    -174.536
    -174.356
    -174.173
    -173.988
    -173.801
    -173.611
    -173.418
    -173.223
    -173.025
    -172.825
    -172.622
    -172.416
    -172.208
    -171.997
    -171.782
    -171.565
    -171.346
    -171.123
    -170.897
    -170.668
    -170.436
    -170.201
    -169.963
    -169.722
    -169.478
    -169.23
    -168.979
    -168.724
    -168.466
    -168.205
    -167.94
    -167.672
    -167.046
    -166.836
    -166.623
    -166.407
    -166.189
    -165.967
    -165.743
    -165.515
    -165.285
    -165.051
    -164.815
    -164.575
    -164.332
    -164.087
    -163.838
    -163.586
    -163.331
    -163.072
    -162.81
    -162.544
    -162.275
    -162.002
    -161.725
    -161.445
    -161.161
    -160.873
    -160.582
    -160.281
    -159.975
    -159.666
    -159.353
    -159.035
    -158.713
    -158.387
    -158.056
    -157.721
    -157.382
    -157.038
    -156.689
    -156.336
    -155.978
    -155.615
    -155.248
    -154.875
    -154.498
    -154.115
    -153.728
    -153.335
    -152.937
    -152.533
    -152.125
    -151.71
    -151.29
    -150.865
    -150.434
    -149.997
    -149.554
    -149.106
    -148.651
    -148.293
    -147.95
    -147.603
    -147.251
    -146.894
    -146.533
    -146.166
    -145.795
    -145.419
    -145.038
    -144.652
    -144.26
    -143.864
    -143.462
    -143.054
    -142.641
    -142.237
    -141.831
    -141.419
    -141.002
    -140.579
    -140.15
    -139.716
    -139.275
    -138.829
    -138.377
    -137.919
    -137.455
    -136.985
    -136.508
    -136.025
    -135.535
    -135.039
    -134.537
    -134.027
    -133.511
    -132.988
    -132.458
    -131.921
    -131.376
    -130.825
    -130.266
    -129.699
    -129.123
    -128.535
    -127.94
    -127.337
    -126.726
    -126.107
    -125.618
    -125.148
    -124.672
    -124.193
    -123.717
    -123.235
    -122.746
    -122.251
    -121.749
    -121.24
    -120.725
    -120.203
    -119.674
    -119.137
    -118.594
    -118.043
    -117.485
    -116.919
    -116.346
    -115.765
    -115.176
    -114.55
    -113.915
    -113.271
    -112.619
    -111.958
    -111.289
    -110.61
    -109.978
    -109.456
    -108.983
    -108.446
    -107.898
    -107.343
    -106.781
    -106.211
    -105.634
    -105.049
    -104.456
    -103.855
    -103.246
    -102.629
    -102.004
    -101.37
    -100.728
    -100.077
    -99.4683
    -98.8768
    -98.2774
    -97.67
    -97.1715
    -96.6812
    -96.1843
    -95.6809
    -95.1707
    -94.6031
    -94.0169
    -93.4228
    -92.8209
    -92.2108
    -91.6009
    -91.0583
    -90.5086
    -89.9515
    -89.3869
    -88.8148
    -88.3126
    -87.8272
    -87.3353
    -86.8369
    -86.3318
    -85.8199
    -85.3012
    -84.8094
    -84.3015
    -83.7867
    -83.2651
    -82.7365
    -82.2008
    -81.7052
    -81.2324
    -80.7532
    -80.2677
    -79.8239
    -79.4057
    -78.9819
    -78.5524
    -78.0914
    -77.594
    -77.09
    -76.6102
    -76.1517
    -75.7287
    -75.334
    -74.9339
    -74.5285
    -74.1177
    -73.7014
    -73.2796
    -72.8221
    -72.4161
    -72.0406
    -71.6596
    -71.2675
    -70.8701
    -70.4675
    -70.0595
    -69.6757
    -69.3498
    -69.0026
    -68.629
    -68.2504
    -67.8668
    -67.478
    -67.1501
    -66.8346
    -66.5141
    -66.1893
    -65.8358
    -65.4644
    -65.151
    -64.8461
    -64.5363
    -64.2203
    -63.9
    -63.5992
    -63.3093
    -63.0108
    -62.7078
    -62.3968
    -62.0982
    -61.8434
    -61.5853
    -61.293
    -60.9908
    -60.7133
    -60.4605
    -60.2043
    -59.9447
    -59.6656
    -59.4161
    -59.1629
    -58.9063
    -58.6462
    -58.4306
    -58.1815
    -57.9267
    -57.672
    -57.4673
    -57.2392
    -56.9928
    -56.7554
    -56.5485
    -56.3214
    -56.0882
    -55.8792
    -55.6685
    -55.4369
    -55.2287
    -55.0311
    -54.8118
    -54.5946
    -54.4006
    -54.2011
    -53.9865
    -53.7887
    -53.5888
    -53.3982
    -53.1971
    -52.9934
    -52.8164
    -52.618
    -52.4183
    -52.2424
    -52.046
    -51.8607
    -51.6752
    -51.4852
    -51.3084
    -51.1107
    -50.9397
    -50.7545
    -50.5703
    -50.3947
    -50.21
    -50.0304
    -49.8574
    -49.6734
    -49.502
    -49.3204
    -49.1457
    -48.9682
    -48.7934
    -48.6134
    -48.4433
    -48.2594
    -48.0939
    -47.9128
    -47.7435
    -47.5654
    -47.3914
    -47.2172
    -47.0477
    -46.8697
    -46.7061
    -46.537
    -46.3703
    -46.2122
    -46.0476
    -45.8876
    -45.7335
    -45.5747
    -45.4234
    -45.2698
    -45.1214
    -44.9695
    -44.8251
    -44.6818
    -44.5332
    -44.3934
    -44.254
    -44.1122
    -43.9741
    -43.8397
    -43.7023
    -43.5679
    -43.436
    -43.3047
    -43.1761
    -43.0441
    -42.9183
    -42.7934
    -42.6671
    -42.5414
    -42.4203
    -42.2997
    -42.178
    -42.0575
    -41.9409
    -41.823
    -41.7069
    -41.5928
    -41.4775
    -41.3643
    -41.2536
    -41.1434
    -41.0331
    -40.9236
    -40.8147
    -40.7092
    -40.6041
    -40.4987
    -40.3944
    -40.2916
    -40.19
    -40.0878
    -39.9876
    -39.8889
    -39.791
    -39.6939
    -39.5975
    -39.5016
    -39.4066
    -39.3123
    -39.2192
    -39.1271
    -39.0361
    -38.9456
    -38.8555
    -38.7664
    -38.6784
    -38.5913
    -38.505
    -38.4195
    -38.3346
    -38.2507
    -38.1676
    -47.0477
    -46.8697
    -46.7061
    -46.537
    -46.3703
    -46.2122
    -46.0476
    -45.8876
    -45.7335
    -45.5747
    -45.4234
    -45.2698
    -45.1214
    -44.9695
    -44.8251
    -44.6818
    -44.5332
    -44.3934
    -44.254
    -44.1122
    -43.9741
    -43.8397
    -43.7023
    -43.5679
    -43.436
    -43.3047
    -43.1761
    -43.0441
    -42.9183
    -42.7934
    -42.6671
    -42.5414
    -42.4203
    -42.2997
    -42.178
    -42.0575
    -41.9409
    -41.823
    -41.7069
    -41.5928
    -41.4775
    -41.3643
    -41.2536
    -41.1434
    -41.0331
    -40.9236
    -40.8147
    -40.7092
    -40.6041
    -40.4987
    -40.3944
    -40.2916
    -40.19
    -40.0878
    -39.9876
    -39.8889
    -39.791
    -39.6939
    -39.5975
    -39.5016
    -39.4066
    -39.3123
    -39.2192
    -39.1271
    -39.0361
    -38.9456
    -38.8555
    -38.7664
    -38.6784
    -38.5913
    -38.505
    -38.4195
    -38.3346
    -38.2507
    -38.1676
)
