1000
(
    (25.787 0.262315 -0.597821)
    (25.787 0.262315 -0.597821)
    (25.7848 0.265935 -0.621078)
    (25.7848 0.265935 -0.621078)
    (25.7826 0.269537 -0.669941)
    (25.7826 0.269537 -0.669941)
    (25.7803 0.273161 -0.703322)
    (25.7803 0.273161 -0.703322)
    (25.7778 0.276852 -0.685433)
    (25.7778 0.276852 -0.685433)
    (25.7753 0.280544 -0.667547)
    (25.7753 0.280544 -0.667547)
    (25.7727 0.284235 -0.649647)
    (25.7727 0.284235 -0.649647)
    (25.7702 0.287925 -0.631713)
    (25.7702 0.287925 -0.631713)
    (25.7677 0.291614 -0.613725)
    (25.7677 0.291614 -0.613725)
    (25.7652 0.295301 -0.595664)
    (25.7652 0.295301 -0.595664)
    (25.7627 0.298985 -0.58036)
    (25.7627 0.298985 -0.58036)
    (25.7601 0.302667 -0.570978)
    (25.7601 0.302667 -0.570978)
    (25.7576 0.306345 -0.56145)
    (25.7576 0.306345 -0.56145)
    (25.7552 0.31002 -0.551752)
    (25.7552 0.31002 -0.551752)
    (25.7527 0.313715 -0.541811)
    (25.7527 0.313715 -0.541811)
    (25.7502 0.317439 -0.531639)
    (25.7502 0.317439 -0.531639)
    (25.7477 0.321165 -0.521333)
    (25.7477 0.321165 -0.521333)
    (25.7452 0.324888 -0.510914)
    (25.7452 0.324888 -0.510914)
    (25.7427 0.328608 -0.500384)
    (25.7427 0.328608 -0.500384)
    (25.7403 0.332358 -0.508927)
    (25.7403 0.332358 -0.508927)
    (25.7373 0.335967 -0.509195)
    (25.7373 0.335967 -0.509195)
    (25.7343 0.339478 -0.509173)
    (25.7343 0.339478 -0.509173)
    (25.7313 0.342988 -0.509256)
    (25.7313 0.342988 -0.509256)
    (25.7283 0.346497 -0.509438)
    (25.7283 0.346497 -0.509438)
    (25.7253 0.350006 -0.509717)
    (25.7253 0.350006 -0.509717)
    (25.7223 0.353515 -0.510087)
    (25.7223 0.353515 -0.510087)
    (25.7193 0.357024 -0.510545)
    (25.7193 0.357024 -0.510545)
    (25.7163 0.360533 -0.511087)
    (25.7163 0.360533 -0.511087)
    (25.7133 0.36409 -0.511737)
    (25.7133 0.36409 -0.511737)
    (25.7102 0.367761 -0.516654)
    (25.7102 0.367761 -0.516654)
    (25.707 0.371547 -0.528817)
    (25.707 0.371547 -0.528817)
    (25.7037 0.375409 -0.541353)
    (25.7037 0.375409 -0.541353)
    (25.7005 0.379314 -0.554132)
    (25.7005 0.379314 -0.554132)
    (25.6972 0.383225 -0.567026)
    (25.6972 0.383225 -0.567026)
    (25.6939 0.387109 -0.579908)
    (25.6939 0.387109 -0.579908)
    (25.6905 0.39095 -0.550566)
    (25.6905 0.39095 -0.550566)
    (25.687 0.394705 -0.495534)
    (25.687 0.394705 -0.495534)
    (25.6836 0.398326 -0.442497)
    (25.6836 0.398326 -0.442497)
    (25.6803 0.401703 -0.430143)
    (25.6803 0.401703 -0.430143)
    (25.6772 0.404801 -0.458442)
    (25.6772 0.404801 -0.458442)
    (25.6742 0.407669 -0.484641)
    (25.6742 0.407669 -0.484641)
    (25.6713 0.410482 -0.51033)
    (25.6713 0.410482 -0.51033)
    (25.6672 0.414479 -0.546784)
    (25.6672 0.414479 -0.546784)
    (25.6628 0.418722 -0.569423)
    (25.6628 0.418722 -0.569423)
    (25.6596 0.421693 -0.568475)
    (25.6596 0.421693 -0.568475)
    (25.6569 0.42417 -0.567987)
    (25.6569 0.42417 -0.567987)
    (25.6541 0.426772 -0.567383)
    (25.6541 0.426772 -0.567383)
    (25.651 0.42966 -0.566452)
    (25.651 0.42966 -0.566452)
    (25.6478 0.432551 -0.567734)
    (25.6478 0.432551 -0.567734)
    (25.6448 0.435342 -0.576727)
    (25.6448 0.435342 -0.576727)
    (25.6418 0.438098 -0.585585)
    (25.6418 0.438098 -0.585585)
    (25.6387 0.440887 -0.59457)
    (25.6387 0.440887 -0.59457)
    (25.6353 0.443745 -0.561463)
    (25.6353 0.443745 -0.561463)
    (25.6316 0.446763 -0.521916)
    (25.6316 0.446763 -0.521916)
    (25.6277 0.450008 -0.479496)
    (25.6277 0.450008 -0.479496)
    (25.6234 0.453547 -0.433379)
    (25.6234 0.453547 -0.433379)
    (25.6196 0.456707 -0.392299)
    (25.6196 0.456707 -0.392299)
    (25.6164 0.459362 -0.357817)
    (25.6164 0.459362 -0.357817)
    (25.6131 0.46212 -0.322029)
    (25.6131 0.46212 -0.322029)
    (25.6096 0.464855 -0.329487)
    (25.6096 0.464855 -0.329487)
    (25.6059 0.467657 -0.346246)
    (25.6059 0.467657 -0.346246)
    (25.6021 0.470539 -0.363474)
    (25.6021 0.470539 -0.363474)
    (25.5982 0.473484 -0.381075)
    (25.5982 0.473484 -0.381075)
    (25.5943 0.476478 -0.398953)
    (25.5943 0.476478 -0.398953)
    (25.5903 0.479504 -0.416694)
    (25.5903 0.479504 -0.416694)
    (25.5863 0.482546 -0.433997)
    (25.5863 0.482546 -0.433997)
    (25.5823 0.485589 -0.451287)
    (25.5823 0.485589 -0.451287)
    (25.5783 0.488616 -0.46847)
    (25.5783 0.488616 -0.46847)
    (25.5741 0.491532 -0.452057)
    (25.5741 0.491532 -0.452057)
    (25.5699 0.494392 -0.443988)
    (25.5699 0.494392 -0.443988)
    (25.5658 0.497146 -0.42754)
    (25.5658 0.497146 -0.42754)
    (25.5616 0.499814 -0.397928)
    (25.5616 0.499814 -0.397928)
    (25.5574 0.502527 -0.367865)
    (25.5574 0.502527 -0.367865)
    (25.5532 0.505271 -0.337512)
    (25.5532 0.505271 -0.337512)
    (25.5489 0.508033 -0.306998)
    (25.5489 0.508033 -0.306998)
    (25.5446 0.510802 -0.276456)
    (25.5446 0.510802 -0.276456)
    (25.5403 0.513564 -0.246017)
    (25.5403 0.513564 -0.246017)
    (25.5361 0.516308 -0.21581)
    (25.5361 0.516308 -0.21581)
    (25.5319 0.518989 -0.191363)
    (25.5319 0.518989 -0.191363)
    (25.5277 0.52146 -0.194898)
    (25.5277 0.52146 -0.194898)
    (25.5236 0.523881 -0.198357)
    (25.5236 0.523881 -0.198357)
    (25.5196 0.52624 -0.201726)
    (25.5196 0.52624 -0.201726)
    (25.5157 0.528526 -0.204987)
    (25.5157 0.528526 -0.204987)
    (25.5119 0.530713 -0.206454)
    (25.5119 0.530713 -0.206454)
    (25.5075 0.532932 -0.188525)
    (25.5075 0.532932 -0.188525)
    (25.5026 0.535437 -0.168286)
    (25.5026 0.535437 -0.168286)
    (25.4977 0.537918 -0.148228)
    (25.4977 0.537918 -0.148228)
    (25.4931 0.540265 -0.129248)
    (25.4931 0.540265 -0.129248)
    (25.4887 0.54251 -0.111092)
    (25.4887 0.54251 -0.111092)
    (25.4845 0.544684 -0.106101)
    (25.4845 0.544684 -0.106101)
    (25.4804 0.546817 -0.101379)
    (25.4804 0.546817 -0.101379)
    (25.4762 0.548942 -0.0966733)
    (25.4762 0.548942 -0.0966733)
    (25.4721 0.55109 -0.0919262)
    (25.4721 0.55109 -0.0919262)
    (25.4678 0.553291 -0.0870813)
    (25.4678 0.553291 -0.0870813)
    (25.4638 0.555331 -0.0826412)
    (25.4638 0.555331 -0.0826412)
    (25.4605 0.557008 -0.0790614)
    (25.4605 0.557008 -0.0790614)
    (25.4567 0.558931 -0.0749046)
    (25.4567 0.558931 -0.0749046)
    (25.4508 0.561994 -0.0680507)
    (25.4508 0.561994 -0.0680507)
    (25.4454 0.564756 -0.0617432)
    (25.4454 0.564756 -0.0617432)
    (25.4419 0.566364 -0.0501361)
    (25.4419 0.566364 -0.0501361)
    (25.4377 0.567892 -0.0372304)
    (25.4377 0.567892 -0.0372304)
    (25.4331 0.569698 -0.0256896)
    (25.4331 0.569698 -0.0256896)
    (25.4282 0.571628 -0.0133689)
    (25.4282 0.571628 -0.0133689)
    (25.4231 0.573657 -0.000430416)
    (25.4231 0.573657 -0.000430416)
    (25.4178 0.575761 0.0129638)
    (25.4178 0.575761 0.0129638)
    (25.4124 0.577915 0.0266518)
    (25.4124 0.577915 0.0266518)
    (25.407 0.580095 0.0404715)
    (25.407 0.580095 0.0404715)
    (25.4015 0.582276 0.0542607)
    (25.4015 0.582276 0.0542607)
    (25.3961 0.584434 0.0678576)
    (25.3961 0.584434 0.0678576)
    (25.3909 0.586544 0.0666025)
    (25.3909 0.586544 0.0666025)
    (25.3858 0.588585 0.0643706)
    (25.3858 0.588585 0.0643706)
    (25.3808 0.590589 0.0621698)
    (25.3808 0.590589 0.0621698)
    (25.3759 0.592594 0.0599605)
    (25.3759 0.592594 0.0599605)
    (25.371 0.594599 0.0577445)
    (25.371 0.594599 0.0577445)
    (25.3659 0.596418 0.060944)
    (25.3659 0.596418 0.060944)
    (25.3607 0.598146 0.0667712)
    (25.3607 0.598146 0.0667712)
    (25.3555 0.599876 0.0725866)
    (25.3555 0.599876 0.0725866)
    (25.3503 0.601607 0.0783916)
    (25.3503 0.601607 0.0783916)
    (25.3451 0.603253 0.0902767)
    (25.3451 0.603253 0.0902767)
    (25.3399 0.604731 0.113967)
    (25.3399 0.604731 0.113967)
    (25.3347 0.606213 0.137635)
    (25.3347 0.606213 0.137635)
    (25.3296 0.607697 0.161286)
    (25.3296 0.607697 0.161286)
    (25.3244 0.609183 0.184926)
    (25.3244 0.609183 0.184926)
    (25.3192 0.610681 0.208674)
    (25.3192 0.610681 0.208674)
    (25.3138 0.612221 0.233008)
    (25.3138 0.612221 0.233008)
    (25.3083 0.613819 0.258172)
    (25.3083 0.613819 0.258172)
    (25.3027 0.61546 0.283911)
    (25.3027 0.61546 0.283911)
    (25.2971 0.61697 0.303753)
    (25.2971 0.61697 0.303753)
    (25.2914 0.618341 0.304568)
    (25.2914 0.618341 0.304568)
    (25.2857 0.619478 0.295325)
    (25.2857 0.619478 0.295325)
    (25.28 0.620595 0.286225)
    (25.28 0.620595 0.286225)
    (25.2745 0.621681 0.277397)
    (25.2745 0.621681 0.277397)
    (25.2692 0.622723 0.268943)
    (25.2692 0.622723 0.268943)
    (25.2643 0.623709 0.26096)
    (25.2643 0.623709 0.26096)
    (25.2597 0.624626 0.253546)
    (25.2597 0.624626 0.253546)
    (25.2555 0.625462 0.246797)
    (25.2555 0.625462 0.246797)
    (25.2497 0.626624 0.23747)
    (25.2497 0.626624 0.23747)
    (25.243 0.627892 0.243349)
    (25.243 0.627892 0.243349)
    (25.238 0.628699 0.279879)
    (25.238 0.628699 0.279879)
    (25.2338 0.629379 0.309919)
    (25.2338 0.629379 0.309919)
    (25.2295 0.630078 0.340962)
    (25.2295 0.630078 0.340962)
    (25.2247 0.630864 0.376447)
    (25.2247 0.630864 0.376447)
    (25.2196 0.631667 0.41306)
    (25.2196 0.631667 0.41306)
    (25.2147 0.63226 0.4327)
    (25.2147 0.63226 0.4327)
    (25.2096 0.632703 0.438971)
    (25.2096 0.632703 0.438971)
    (25.2044 0.633166 0.445432)
    (25.2044 0.633166 0.445432)
    (25.1989 0.633672 0.452265)
    (25.1989 0.633672 0.452265)
    (25.1927 0.63424 0.459653)
    (25.1927 0.63424 0.459653)
    (25.1867 0.634805 0.450063)
    (25.1867 0.634805 0.450063)
    (25.1816 0.6353 0.441698)
    (25.1816 0.6353 0.441698)
    (25.1766 0.63578 0.433627)
    (25.1766 0.63578 0.433627)
    (25.1713 0.636286 0.425112)
    (25.1713 0.636286 0.425112)
    (25.1659 0.636816 0.416225)
    (25.1659 0.636816 0.416225)
    (25.1603 0.637364 0.407039)
    (25.1603 0.637364 0.407039)
    (25.1545 0.637928 0.397625)
    (25.1545 0.637928 0.397625)
    (25.1487 0.638502 0.388056)
    (25.1487 0.638502 0.388056)
    (25.1428 0.639082 0.378404)
    (25.1428 0.639082 0.378404)
    (25.1369 0.639493 0.399271)
    (25.1369 0.639493 0.399271)
    (25.1312 0.639537 0.430835)
    (25.1312 0.639537 0.430835)
    (25.1256 0.639587 0.461876)
    (25.1256 0.639587 0.461876)
    (25.12 0.639643 0.492488)
    (25.12 0.639643 0.492488)
    (25.1145 0.639705 0.52303)
    (25.1145 0.639705 0.52303)
    (25.109 0.639771 0.553607)
    (25.109 0.639771 0.553607)
    (25.1035 0.639842 0.584185)
    (25.1035 0.639842 0.584185)
    (25.098 0.639917 0.614777)
    (25.098 0.639917 0.614777)
    (25.0925 0.639998 0.645396)
    (25.0925 0.639998 0.645396)
    (25.0871 0.640084 0.676056)
    (25.0871 0.640084 0.676056)
    (25.0816 0.640175 0.69269)
    (25.0816 0.640175 0.69269)
    (25.0761 0.640272 0.70889)
    (25.0761 0.640272 0.70889)
    (25.0706 0.640374 0.725168)
    (25.0706 0.640374 0.725168)
    (25.0652 0.640481 0.741531)
    (25.0652 0.640481 0.741531)
    (25.0596 0.640254 0.713709)
    (25.0596 0.640254 0.713709)
    (25.0539 0.639949 0.675073)
    (25.0539 0.639949 0.675073)
    (25.0481 0.639642 0.635183)
    (25.0481 0.639642 0.635183)
    (25.0421 0.639334 0.594121)
    (25.0421 0.639334 0.594121)
    (25.036 0.639026 0.552406)
    (25.036 0.639026 0.552406)
    (25.0299 0.638559 0.580362)
    (25.0299 0.638559 0.580362)
    (25.0239 0.637989 0.655625)
    (25.0239 0.637989 0.655625)
    (25.0181 0.637434 0.729262)
    (25.0181 0.637434 0.729262)
    (25.0125 0.636903 0.800332)
    (25.0125 0.636903 0.800332)
    (25.0071 0.6364 0.867728)
    (25.0071 0.6364 0.867728)
    (25.0021 0.635932 0.929994)
    (25.0021 0.635932 0.929994)
    (24.9976 0.635506 0.986937)
    (24.9976 0.635506 0.986937)
    (24.9923 0.635017 1.0527)
    (24.9923 0.635017 1.0527)
    (24.9858 0.6342 1.09149)
    (24.9858 0.6342 1.09149)
    (24.9801 0.633263 1.08039)
    (24.9801 0.633263 1.08039)
    (24.9757 0.63257 1.06129)
    (24.9757 0.63257 1.06129)
    (24.9713 0.631882 1.04228)
    (24.9713 0.631882 1.04228)
    (24.966 0.631029 1.01945)
    (24.966 0.631029 1.01945)
    (24.9602 0.63009 0.994826)
    (24.9602 0.63009 0.994826)
    (24.9548 0.629136 0.940485)
    (24.9548 0.629136 0.940485)
    (24.9493 0.628164 0.884164)
    (24.9493 0.628164 0.884164)
    (24.9433 0.627135 0.823897)
    (24.9433 0.627135 0.823897)
    (24.9367 0.626011 0.75692)
    (24.9367 0.626011 0.75692)
    (24.9304 0.624954 0.692983)
    (24.9304 0.624954 0.692983)
    (24.925 0.623877 0.739986)
    (24.925 0.623877 0.739986)
    (24.9196 0.622735 0.824092)
    (24.9196 0.622735 0.824092)
    (24.914 0.621248 0.848341)
    (24.914 0.621248 0.848341)
    (24.9083 0.619504 0.827706)
    (24.9083 0.619504 0.827706)
    (24.9023 0.61772 0.806402)
    (24.9023 0.61772 0.806402)
    (24.8963 0.615917 0.784644)
    (24.8963 0.615917 0.784644)
    (24.8902 0.61421 0.791277)
    (24.8902 0.61421 0.791277)
    (24.8839 0.612685 0.846205)
    (24.8839 0.612685 0.846205)
    (24.8778 0.611201 0.896344)
    (24.8778 0.611201 0.896344)
    (24.8717 0.609756 0.935074)
    (24.8717 0.609756 0.935074)
    (24.8657 0.608328 0.973839)
    (24.8657 0.608328 0.973839)
    (24.8597 0.606909 1.01279)
    (24.8597 0.606909 1.01279)
    (24.8537 0.6055 1.0519)
    (24.8537 0.6055 1.0519)
    (24.8477 0.604049 1.08017)
    (24.8477 0.604049 1.08017)
    (24.8419 0.602097 1.00326)
    (24.8419 0.602097 1.00326)
    (24.836 0.600156 0.926515)
    (24.836 0.600156 0.926515)
    (24.8302 0.598227 0.849926)
    (24.8302 0.598227 0.849926)
    (24.8245 0.596158 0.902419)
    (24.8245 0.596158 0.902419)
    (24.8189 0.594034 1.01082)
    (24.8189 0.594034 1.01082)
    (24.8133 0.591906 1.11986)
    (24.8133 0.591906 1.11986)
    (24.8076 0.589773 1.22949)
    (24.8076 0.589773 1.22949)
    (24.802 0.587651 1.33893)
    (24.802 0.587651 1.33893)
    (24.7963 0.585541 1.44818)
    (24.7963 0.585541 1.44818)
    (24.7907 0.583443 1.55722)
    (24.7907 0.583443 1.55722)
    (24.785 0.581357 1.66535)
    (24.785 0.581357 1.66535)
    (24.7795 0.579052 1.70288)
    (24.7795 0.579052 1.70288)
    (24.7742 0.576513 1.65609)
    (24.7742 0.576513 1.65609)
    (24.769 0.574027 1.56937)
    (24.769 0.574027 1.56937)
    (24.7637 0.57154 1.47607)
    (24.7637 0.57154 1.47607)
    (24.7583 0.568967 1.37915)
    (24.7583 0.568967 1.37915)
    (24.7526 0.566275 1.27732)
    (24.7526 0.566275 1.27732)
    (24.7467 0.563523 1.17284)
    (24.7467 0.563523 1.17284)
    (24.7408 0.560771 1.0681)
    (24.7408 0.560771 1.0681)
    (24.7351 0.55808 0.965493)
    (24.7351 0.55808 0.965493)
    (24.7298 0.555368 1.06806)
    (24.7298 0.555368 1.06806)
    (24.7249 0.552835 1.18198)
    (24.7249 0.552835 1.18198)
    (24.7207 0.550385 1.20766)
    (24.7207 0.550385 1.20766)
    (24.7172 0.548155 1.17347)
    (24.7172 0.548155 1.17347)
    (24.7122 0.54499 1.12406)
    (24.7122 0.54499 1.12406)
    (24.7075 0.542077 1.07685)
    (24.7075 0.542077 1.07685)
    (24.703 0.539341 1.03103)
    (24.703 0.539341 1.03103)
    (24.6962 0.535521 1.12124)
    (24.6962 0.535521 1.12124)
    (24.6894 0.53173 1.21232)
    (24.6894 0.53173 1.21232)
    (24.6824 0.527862 1.29793)
    (24.6824 0.527862 1.29793)
    (24.675 0.523816 1.38922)
    (24.675 0.523816 1.38922)
    (24.6677 0.519874 1.4801)
    (24.6677 0.519874 1.4801)
    (24.6613 0.51566 1.36087)
    (24.6613 0.51566 1.36087)
    (24.6547 0.511327 1.21598)
    (24.6547 0.511327 1.21598)
    (24.648 0.506848 1.11401)
    (24.648 0.506848 1.11401)
    (24.6416 0.502186 1.304)
    (24.6416 0.502186 1.304)
    (24.6351 0.497517 1.49491)
    (24.6351 0.497517 1.49491)
    (24.6287 0.492908 1.6841)
    (24.6287 0.492908 1.6841)
    (24.6223 0.488418 1.86568)
    (24.6223 0.488418 1.86568)
    (24.6161 0.484003 2.04298)
    (24.6161 0.484003 2.04298)
    (24.6103 0.479177 1.97297)
    (24.6103 0.479177 1.97297)
    (24.6046 0.474322 1.87371)
    (24.6046 0.474322 1.87371)
    (24.5988 0.469464 1.77207)
    (24.5988 0.469464 1.77207)
    (24.5929 0.464598 1.66883)
    (24.5929 0.464598 1.66883)
    (24.5871 0.45975 1.56441)
    (24.5871 0.45975 1.56441)
    (24.5814 0.455077 1.41486)
    (24.5814 0.455077 1.41486)
    (24.5757 0.450491 1.25087)
    (24.5757 0.450491 1.25087)
    (24.5703 0.445843 1.26061)
    (24.5703 0.445843 1.26061)
    (24.5654 0.440824 1.23468)
    (24.5654 0.440824 1.23468)
    (24.56 0.435684 1.36697)
    (24.56 0.435684 1.36697)
    (24.5546 0.430531 1.50134)
    (24.5546 0.430531 1.50134)
    (24.5491 0.425392 1.63725)
    (24.5491 0.425392 1.63725)
    (24.5437 0.420363 1.77187)
    (24.5437 0.420363 1.77187)
    (24.5384 0.415431 1.90371)
    (24.5384 0.415431 1.90371)
    (24.5331 0.410503 2.03009)
    (24.5331 0.410503 2.03009)
    (24.5278 0.405463 2.07321)
    (24.5278 0.405463 2.07321)
    (24.523 0.400135 1.89603)
    (24.523 0.400135 1.89603)
    (24.5181 0.394741 1.71632)
    (24.5181 0.394741 1.71632)
    (24.513 0.389257 1.52922)
    (24.513 0.389257 1.52922)
    (24.508 0.383904 1.34311)
    (24.508 0.383904 1.34311)
    (24.5034 0.378695 1.44532)
    (24.5034 0.378695 1.44532)
    (24.4988 0.373351 1.64746)
    (24.4988 0.373351 1.64746)
    (24.494 0.367912 1.85357)
    (24.494 0.367912 1.85357)
    (24.4898 0.362283 1.76547)
    (24.4898 0.362283 1.76547)
    (24.4857 0.356725 1.62341)
    (24.4857 0.356725 1.62341)
    (24.4818 0.351375 1.4854)
    (24.4818 0.351375 1.4854)
    (24.4781 0.346337 1.35239)
    (24.4781 0.346337 1.35239)
    (24.4737 0.340866 1.45516)
    (24.4737 0.340866 1.45516)
    (24.4687 0.334871 1.62262)
    (24.4687 0.334871 1.62262)
    (24.4638 0.329079 1.78904)
    (24.4638 0.329079 1.78904)
    (24.4596 0.323667 1.79037)
    (24.4596 0.323667 1.79037)
    (24.4559 0.318332 1.61579)
    (24.4559 0.318332 1.61579)
    (24.4521 0.312891 1.4378)
    (24.4521 0.312891 1.4378)
    (24.4457 0.303024 1.67845)
    (24.4457 0.303024 1.67845)
    (24.435 0.287141 2.26392)
    (24.435 0.287141 2.26392)
    (24.4252 0.270246 1.8907)
    (24.4252 0.270246 1.8907)
    (24.4156 0.253623 1.45153)
    (24.4156 0.253623 1.45153)
    (24.4051 0.235233 1.47321)
    (24.4051 0.235233 1.47321)
    (24.3977 0.219289 1.97075)
    (24.3977 0.219289 1.97075)
    (24.3904 0.204337 2.50361)
    (24.3904 0.204337 2.50361)
    (24.384 0.190595 2.21559)
    (24.384 0.190595 2.21559)
    (24.3783 0.178916 1.77229)
    (24.3783 0.178916 1.77229)
    (24.3728 0.167519 1.57806)
    (24.3728 0.167519 1.57806)
    (24.3603 0.139045 2.03735)
    (24.3603 0.139045 2.03735)
    (24.3427 0.0976426 1.51807)
    (24.3427 0.0976426 1.51807)
    (24.3264 0.0532649 2.22072)
    (24.3264 0.0532649 2.22072)
    (24.3138 0.00832462 2.40026)
    (24.3138 0.00832462 2.40026)
    (24.3043 -0.0334835 1.79061)
    (24.3043 -0.0334835 1.79061)
    (24.2986 -0.0709701 2.93334)
    (24.2986 -0.0709701 2.93334)
    (24.2948 -0.102982 1.59644)
    (24.2948 -0.102982 1.59644)
    (24.2925 -0.138234 2.31965)
    (24.2925 -0.138234 2.31965)
    (24.2909 -0.175409 1.91781)
    (24.2909 -0.175409 1.91781)
    (24.2918 -0.211236 2.09148)
    (24.2918 -0.211236 2.09148)
    (24.2933 -0.240847 1.64536)
    (24.2933 -0.240847 1.64536)
    (24.2966 -0.270028 2.22899)
    (24.2966 -0.270028 2.22899)
    (24.3005 -0.298104 1.52865)
    (24.3005 -0.298104 1.52865)
    (24.3081 -0.328075 2.70434)
    (24.3081 -0.328075 2.70434)
    (24.3165 -0.355468 2.06191)
    (24.3165 -0.355468 2.06191)
    (24.3254 -0.383567 1.67734)
    (24.3254 -0.383567 1.67734)
    (24.3356 -0.40942 1.66074)
    (24.3356 -0.40942 1.66074)
    (24.3443 -0.43328 1.6239)
    (24.3443 -0.43328 1.6239)
    (24.3554 -0.455526 2.13712)
    (24.3554 -0.455526 2.13712)
    (24.3656 -0.478041 2.53995)
    (24.3656 -0.478041 2.53995)
    (24.3748 -0.49788 1.72357)
    (24.3748 -0.49788 1.72357)
    (24.3842 -0.516406 1.68978)
    (24.3842 -0.516406 1.68978)
    (24.3941 -0.534147 2.37422)
    (24.3941 -0.534147 2.37422)
    (24.4033 -0.549869 2.28795)
    (24.4033 -0.549869 2.28795)
    (24.4116 -0.566212 1.74295)
    (24.4116 -0.566212 1.74295)
    (24.42 -0.582223 1.43742)
    (24.42 -0.582223 1.43742)
    (24.4298 -0.597366 1.96294)
    (24.4298 -0.597366 1.96294)
    (24.439 -0.610592 1.87681)
    (24.439 -0.610592 1.87681)
    (24.4476 -0.623332 1.81752)
    (24.4476 -0.623332 1.81752)
    (24.4557 -0.635676 1.73751)
    (24.4557 -0.635676 1.73751)
    (24.4637 -0.648703 1.26662)
    (24.4637 -0.648703 1.26662)
    (24.4731 -0.660421 1.57197)
    (24.4731 -0.660421 1.57197)
    (24.482 -0.670587 1.59354)
    (24.482 -0.670587 1.59354)
    (24.4903 -0.6801 1.54253)
    (24.4903 -0.6801 1.54253)
    (24.4983 -0.689179 1.50535)
    (24.4983 -0.689179 1.50535)
    (24.5058 -0.697833 1.48165)
    (24.5058 -0.697833 1.48165)
    (24.513 -0.706072 1.45938)
    (24.513 -0.706072 1.45938)
    (24.52 -0.714227 1.33056)
    (24.52 -0.714227 1.33056)
    (24.5274 -0.722194 1.2278)
    (24.5274 -0.722194 1.2278)
    (24.5352 -0.728901 1.35111)
    (24.5352 -0.728901 1.35111)
    (24.5424 -0.734768 1.31358)
    (24.5424 -0.734768 1.31358)
    (24.5492 -0.740331 1.2775)
    (24.5492 -0.740331 1.2775)
    (24.5557 -0.745602 1.24274)
    (24.5557 -0.745602 1.24274)
    (24.5618 -0.750596 1.21159)
    (24.5618 -0.750596 1.21159)
    (24.5677 -0.755325 1.19552)
    (24.5677 -0.755325 1.19552)
    (24.5733 -0.759802 1.17973)
    (24.5733 -0.759802 1.17973)
    (24.5786 -0.764038 1.16421)
    (24.5786 -0.764038 1.16421)
    (24.5837 -0.768046 1.14894)
    (24.5837 -0.768046 1.14894)
    (24.5885 -0.771838 1.13394)
    (24.5885 -0.771838 1.13394)
    (24.5932 -0.775425 1.1192)
    (24.5932 -0.775425 1.1192)
    (24.5977 -0.778965 1.0452)
    (24.5977 -0.778965 1.0452)
    (24.6026 -0.781704 1.07269)
    (24.6026 -0.781704 1.07269)
    (24.6072 -0.784135 1.04772)
    (24.6072 -0.784135 1.04772)
    (24.6115 -0.786431 1.02364)
    (24.6115 -0.786431 1.02364)
    (24.6157 -0.788598 1.00043)
    (24.6157 -0.788598 1.00043)
    (24.6196 -0.790663 0.984519)
    (24.6196 -0.790663 0.984519)
    (24.623 -0.793232 0.973086)
    (24.623 -0.793232 0.973086)
    (24.626 -0.796513 0.985288)
    (24.626 -0.796513 0.985288)
    (24.6292 -0.799983 0.997884)
    (24.6292 -0.799983 0.997884)
    (24.6326 -0.803651 1.01087)
    (24.6326 -0.803651 1.01087)
    (24.6362 -0.80753 1.02807)
    (24.6362 -0.80753 1.02807)
    (24.6401 -0.811631 1.05513)
    (24.6401 -0.811631 1.05513)
    (24.6442 -0.815967 1.08338)
    (24.6442 -0.815967 1.08338)
    (24.6485 -0.820552 1.11288)
    (24.6485 -0.820552 1.11288)
    (24.6532 -0.825399 1.14366)
    (24.6532 -0.825399 1.14366)
    (24.6581 -0.830525 1.17579)
    (24.6581 -0.830525 1.17579)
    (24.6638 -0.83622 1.08)
    (24.6638 -0.83622 1.08)
    (24.6702 -0.842155 0.981239)
    (24.6702 -0.842155 0.981239)
    (24.6778 -0.847613 1.13442)
    (24.6778 -0.847613 1.13442)
    (24.6855 -0.853222 1.22305)
    (24.6855 -0.853222 1.22305)
    (24.6934 -0.858971 1.2337)
    (24.6934 -0.858971 1.2337)
    (24.7017 -0.86505 1.24456)
    (24.7017 -0.86505 1.24456)
    (24.7106 -0.871479 1.26829)
    (24.7106 -0.871479 1.26829)
    (24.72 -0.878282 1.30927)
    (24.72 -0.878282 1.30927)
    (24.7305 -0.885779 1.18303)
    (24.7305 -0.885779 1.18303)
    (24.742 -0.893947 0.918754)
    (24.742 -0.893947 0.918754)
    (24.7551 -0.901159 0.993305)
    (24.7551 -0.901159 0.993305)
    (24.7692 -0.908205 1.22237)
    (24.7692 -0.908205 1.22237)
    (24.7835 -0.915588 1.34784)
    (24.7835 -0.915588 1.34784)
    (24.7983 -0.923457 1.31072)
    (24.7983 -0.923457 1.31072)
    (24.8148 -0.932295 0.992153)
    (24.8148 -0.932295 0.992153)
    (24.8324 -0.941224 0.764763)
    (24.8324 -0.941224 0.764763)
    (24.8517 -0.948343 1.02344)
    (24.8517 -0.948343 1.02344)
    (24.8723 -0.956221 1.19382)
    (24.8723 -0.956221 1.19382)
    (24.8941 -0.96529 0.939979)
    (24.8941 -0.96529 0.939979)
    (24.9162 -0.975135 0.599661)
    (24.9162 -0.975135 0.599661)
    (24.9401 -0.982431 0.810937)
    (24.9401 -0.982431 0.810937)
    (24.9665 -0.99119 0.667118)
    (24.9665 -0.99119 0.667118)
    (24.994 -1.00134 0.558419)
    (24.994 -1.00134 0.558419)
    (25.0237 -1.01148 0.441305)
    (25.0237 -1.01148 0.441305)
    (25.0572 -1.02343 0.500945)
    (25.0572 -1.02343 0.500945)
    (25.0945 -1.03764 0.334334)
    (25.0945 -1.03764 0.334334)
    (25.1338 -1.04827 0.529828)
    (25.1338 -1.04827 0.529828)
    (25.1771 -1.06187 0.28683)
    (25.1771 -1.06187 0.28683)
    (25.2219 -1.07318 0.164429)
    (25.2219 -1.07318 0.164429)
    (25.2708 -1.08548 0.137178)
    (25.2708 -1.08548 0.137178)
    (25.3225 -1.09472 0.0443902)
    (25.3225 -1.09472 0.0443902)
    (25.3755 -1.10422 -0.0468822)
    (25.3755 -1.10422 -0.0468822)
    (25.4272 -1.10996 -0.145453)
    (25.4272 -1.10996 -0.145453)
    (25.4946 -1.11719 -0.237025)
    (25.4946 -1.11719 -0.237025)
    (25.57 -1.12287 -0.417858)
    (25.57 -1.12287 -0.417858)
    (25.6422 -1.13052 -0.514185)
    (25.6422 -1.13052 -0.514185)
    (25.7173 -1.13776 -0.54477)
    (25.7173 -1.13776 -0.54477)
    (25.8007 -1.14189 -0.712743)
    (25.8007 -1.14189 -0.712743)
    (25.9008 -1.14408 -1.14422)
    (25.9008 -1.14408 -1.14422)
    (26.0006 -1.14268 -1.06516)
    (26.0006 -1.14268 -1.06516)
    (26.1021 -1.13937 -1.06501)
    (26.1021 -1.13937 -1.06501)
    (26.1718 -1.13457 -1.52556)
    (26.1718 -1.13457 -1.52556)
    (26.197 -1.13322 -1.87284)
    (26.197 -1.13322 -1.87284)
    (26.2228 -1.13099 -1.74887)
    (26.2228 -1.13099 -1.74887)
    (26.2503 -1.12881 -1.40022)
    (26.2503 -1.12881 -1.40022)
    (26.2768 -1.12705 -1.36464)
    (26.2768 -1.12705 -1.36464)
    (26.3032 -1.12439 -1.46915)
    (26.3032 -1.12439 -1.46915)
    (26.3304 -1.12129 -1.45355)
    (26.3304 -1.12129 -1.45355)
    (26.356 -1.119 -1.80875)
    (26.356 -1.119 -1.80875)
    (26.3795 -1.11683 -2.03642)
    (26.3795 -1.11683 -2.03642)
    (26.3999 -1.11392 -1.72429)
    (26.3999 -1.11392 -1.72429)
    (26.4217 -1.11094 -1.39662)
    (26.4217 -1.11094 -1.39662)
    (26.4438 -1.10765 -1.83594)
    (26.4438 -1.10765 -1.83594)
    (26.4606 -1.10563 -2.17355)
    (26.4606 -1.10563 -2.17355)
    (26.4726 -1.1039 -2.24733)
    (26.4726 -1.1039 -2.24733)
    (26.4814 -1.10228 -2.16641)
    (26.4814 -1.10228 -2.16641)
    (26.49 -1.10068 -2.08684)
    (26.49 -1.10068 -2.08684)
    (26.4986 -1.09908 -2.00719)
    (26.4986 -1.09908 -2.00719)
    (26.5074 -1.09746 -1.90657)
    (26.5074 -1.09746 -1.90657)
    (26.5168 -1.0958 -1.8002)
    (26.5168 -1.0958 -1.8002)
    (26.527 -1.09408 -1.68745)
    (26.527 -1.09408 -1.68745)
    (26.5369 -1.09249 -1.58056)
    (26.5369 -1.09249 -1.58056)
    (26.5456 -1.09144 -1.67416)
    (26.5456 -1.09144 -1.67416)
    (26.5545 -1.09041 -1.77751)
    (26.5545 -1.09041 -1.77751)
    (26.5641 -1.08913 -1.78348)
    (26.5641 -1.08913 -1.78348)
    (26.574 -1.08746 -1.59826)
    (26.574 -1.08746 -1.59826)
    (26.5843 -1.08543 -1.79915)
    (26.5843 -1.08543 -1.79915)
    (26.5944 -1.08339 -2.03836)
    (26.5944 -1.08339 -2.03836)
    (26.6043 -1.08143 -2.27071)
    (26.6043 -1.08143 -2.27071)
    (26.6137 -1.07957 -2.49088)
    (26.6137 -1.07957 -2.49088)
    (26.6223 -1.07787 -2.69353)
    (26.6223 -1.07787 -2.69353)
    (26.6299 -1.07637 -2.87334)
    (26.6299 -1.07637 -2.87334)
    (26.6399 -1.07442 -3.03237)
    (26.6399 -1.07442 -3.03237)
    (26.651 -1.07231 -3.18917)
    (26.651 -1.07231 -3.18917)
    (26.6591 -1.07071 -3.17741)
    (26.6591 -1.07071 -3.17741)
    (26.6661 -1.06911 -3.03175)
    (26.6661 -1.06911 -3.03175)
    (26.6725 -1.06763 -2.89857)
    (26.6725 -1.06763 -2.89857)
    (26.6778 -1.0664 -2.78821)
    (26.6778 -1.0664 -2.78821)
    (26.683 -1.06516 -2.67863)
    (26.683 -1.06516 -2.67863)
    (26.6883 -1.06393 -2.56942)
    (26.6883 -1.06393 -2.56942)
    (26.6935 -1.0627 -2.46019)
    (26.6935 -1.0627 -2.46019)
    (26.6988 -1.06146 -2.35056)
    (26.6988 -1.06146 -2.35056)
    (26.7041 -1.06023 -2.24013)
    (26.7041 -1.06023 -2.24013)
    (26.7094 -1.05899 -2.12851)
    (26.7094 -1.05899 -2.12851)
    (26.7148 -1.05775 -2.01531)
    (26.7148 -1.05775 -2.01531)
    (26.7204 -1.0565 -1.90015)
    (26.7204 -1.0565 -1.90015)
    (26.7258 -1.0553 -1.78664)
    (26.7258 -1.0553 -1.78664)
    (26.7311 -1.05395 -1.89992)
    (26.7311 -1.05395 -1.89992)
    (26.7364 -1.05261 -2.03568)
    (26.7364 -1.05261 -2.03568)
    (26.7417 -1.05126 -2.17339)
    (26.7417 -1.05126 -2.17339)
    (26.7471 -1.0499 -2.3127)
    (26.7471 -1.0499 -2.3127)
    (26.7525 -1.04855 -2.45327)
    (26.7525 -1.04855 -2.45327)
    (26.758 -1.04708 -2.53202)
    (26.758 -1.04708 -2.53202)
    (26.7634 -1.0454 -2.48508)
    (26.7634 -1.0454 -2.48508)
    (26.7687 -1.04372 -2.43814)
    (26.7687 -1.04372 -2.43814)
    (26.7741 -1.04205 -2.39121)
    (26.7741 -1.04205 -2.39121)
    (26.7795 -1.04037 -2.34429)
    (26.7795 -1.04037 -2.34429)
    (26.7848 -1.0387 -2.29739)
    (26.7848 -1.0387 -2.29739)
    (26.7899 -1.03709 -2.25204)
    (26.7899 -1.03709 -2.25204)
    (26.7944 -1.03564 -2.21108)
    (26.7944 -1.03564 -2.21108)
    (26.8 -1.0339 -2.16239)
    (26.8 -1.0339 -2.16239)
    (26.8082 -1.03146 -2.0782)
    (26.8082 -1.03146 -2.0782)
    (26.8153 -1.02937 -2.00288)
    (26.8153 -1.02937 -2.00288)
    (26.8207 -1.02788 -1.99612)
    (26.8207 -1.02788 -1.99612)
    (26.8268 -1.02633 -2.063)
    (26.8268 -1.02633 -2.063)
    (26.8335 -1.02464 -2.13596)
    (26.8335 -1.02464 -2.13596)
    (26.8406 -1.02286 -2.21333)
    (26.8406 -1.02286 -2.21333)
    (26.848 -1.021 -2.29341)
    (26.848 -1.021 -2.29341)
    (26.8555 -1.01913 -2.37452)
    (26.8555 -1.01913 -2.37452)
    (26.8628 -1.01698 -2.26504)
    (26.8628 -1.01698 -2.26504)
    (26.8698 -1.01479 -2.09002)
    (26.8698 -1.01479 -2.09002)
    (26.8766 -1.01263 -2.02407)
    (26.8766 -1.01263 -2.02407)
    (26.8828 -1.01045 -2.21141)
    (26.8828 -1.01045 -2.21141)
    (26.8884 -1.0085 -2.37937)
    (26.8884 -1.0085 -2.37937)
    (26.8951 -1.00617 -2.58152)
    (26.8951 -1.00617 -2.58152)
    (26.9029 -1.0035 -2.81528)
    (26.9029 -1.0035 -2.81528)
    (26.9095 -1.00127 -3.01517)
    (26.9095 -1.00127 -3.01517)
    (26.9152 -0.999409 -3.18406)
    (26.9152 -0.999409 -3.18406)
    (26.9205 -0.997646 -3.30939)
    (26.9205 -0.997646 -3.30939)
    (26.9261 -0.995703 -3.38561)
    (26.9261 -0.995703 -3.38561)
    (26.9313 -0.99391 -3.45616)
    (26.9313 -0.99391 -3.45616)
    (26.9356 -0.9924 -3.51559)
    (26.9356 -0.9924 -3.51559)
    (26.9399 -0.990915 -3.57414)
    (26.9399 -0.990915 -3.57414)
    (26.9441 -0.98944 -3.63235)
    (26.9441 -0.98944 -3.63235)
    (26.9484 -0.98796 -3.68763)
    (26.9484 -0.98796 -3.68763)
    (26.9527 -0.986459 -3.73499)
    (26.9527 -0.986459 -3.73499)
    (26.9571 -0.984922 -3.78329)
    (26.9571 -0.984922 -3.78329)
    (26.9617 -0.983215 -3.74131)
    (26.9617 -0.983215 -3.74131)
    (26.9663 -0.981323 -3.61087)
    (26.9663 -0.981323 -3.61087)
    (26.9709 -0.97949 -3.4836)
    (26.9709 -0.97949 -3.4836)
    (26.975 -0.977833 -3.36791)
    (26.975 -0.977833 -3.36791)
    (26.9791 -0.976229 -3.25532)
    (26.9791 -0.976229 -3.25532)
    (26.9832 -0.974578 -3.13907)
    (26.9832 -0.974578 -3.13907)
    (26.9875 -0.972889 -3.01974)
    (26.9875 -0.972889 -3.01974)
    (26.9919 -0.971169 -2.89811)
    (26.9919 -0.971169 -2.89811)
    (26.9963 -0.969424 -2.7747)
    (26.9963 -0.969424 -2.7747)
    (27.0008 -0.967662 -2.64996)
    (27.0008 -0.967662 -2.64996)
    (27.0053 -0.965891 -2.52446)
    (27.0053 -0.965891 -2.52446)
    (27.0099 -0.964118 -2.39879)
    (27.0099 -0.964118 -2.39879)
    (27.0144 -0.96235 -2.27351)
    (27.0144 -0.96235 -2.27351)
    (27.0188 -0.960583 -2.16457)
    (27.0188 -0.960583 -2.16457)
    (27.0232 -0.95865 -2.31178)
    (27.0232 -0.95865 -2.31178)
)
