160
(
    -167.914
    -168.059
    -168.211
    -168.371
    -168.539
    -168.715
    -168.607
    -168.223
    -167.82
    -167.659
    -167.63
    -167.6
    -167.568
    -167.865
    -167.155
    -165.185
    -162.962
    -160.626
    -158.173
    -155.597
    -152.985
    -151.029
    -149.043
    -146.982
    -144.817
    -143.116
    -142.129
    -141.092
    -139.471
    -137.439
    -135.304
    -133.062
    -130.887
    -128.589
    -126.022
    -123.327
    -120.496
    -117.523
    -114.4
    -111.162
    -107.813
    -104.522
    -101.289
    -97.8938
    -94.3282
    -90.5838
    -87.5904
    -85.5019
    -83.1357
    -80.5541
    -78.2014
    -76.1087
    -74.1862
    -71.9242
    -69.784
    -67.813
    -66.0135
    -64.0604
    -62.2988
    -60.7343
    -167.914
    -168.059
    -168.211
    -168.371
    -168.539
    -168.715
    -168.607
    -168.223
    -167.82
    -167.659
    -167.63
    -167.6
    -167.568
    -167.865
    -167.155
    -165.185
    -162.962
    -160.626
    -158.173
    -155.597
    -152.985
    -151.029
    -149.043
    -146.982
    -144.817
    -143.116
    -142.129
    -141.092
    -139.471
    -137.439
    -135.304
    -133.062
    -130.887
    -128.589
    -126.022
    -123.327
    -120.496
    -117.523
    -114.4
    -111.162
    -107.813
    -104.522
    -101.289
    -97.8938
    -94.3282
    -90.5838
    -87.5904
    -85.5019
    -83.1357
    -80.5541
    -78.2014
    -76.1087
    -74.1862
    -71.9242
    -69.784
    -67.813
    -66.0135
    -64.0604
    -62.2988
    -60.7343
    -59.0366
    -57.6997
    -56.3034
    -55.1049
    -53.9538
    -52.8562
    -51.8546
    -50.8842
    -50.0015
    -49.1286
    -48.3468
    -47.5558
    -46.8531
    -46.1664
    -45.4938
    -44.8908
    -44.2751
    -43.7127
    -43.1735
    -42.6445
    -59.0366
    -57.6997
    -56.3034
    -55.1049
    -53.9538
    -52.8562
    -51.8546
    -50.8842
    -50.0015
    -49.1286
    -48.3468
    -47.5558
    -46.8531
    -46.1664
    -45.4938
    -44.8908
    -44.2751
    -43.7127
    -43.1735
    -42.6445
)
