160
(
    -114.334
    -114.725
    -115.136
    -115.568
    -116.017
    -116.46
    -116.925
    -117.414
    -118.28
    -118.273
    -117.821
    -117.346
    -116.847
    -115.984
    -114.787
    -113.529
    -112.209
    -110.822
    -109.366
    -108.263
    -107.22
    -106.31
    -105.387
    -104.414
    -103.238
    -102.003
    -100.733
    -99.4104
    -98.1349
    -96.9667
    -95.7441
    -94.4927
    -93.1785
    -91.6705
    -90.0578
    -88.3641
    -87.4498
    -86.5176
    -84.9339
    -83.254
    -81.4898
    -79.3274
    -76.5762
    -73.9822
    -71.3961
    -68.7579
    -66.0096
    -63.6932
    -61.4029
    -59.1349
    -56.7208
    -54.3914
    -52.1103
    -49.8269
    -47.4033
    -45.0287
    -42.7729
    -40.368
    -38.1136
    -35.8579
    -114.334
    -114.725
    -115.136
    -115.568
    -116.017
    -116.46
    -116.925
    -117.414
    -118.28
    -118.273
    -117.821
    -117.346
    -116.847
    -115.984
    -114.787
    -113.529
    -112.209
    -110.822
    -109.366
    -108.263
    -107.22
    -106.31
    -105.387
    -104.414
    -103.238
    -102.003
    -100.733
    -99.4104
    -98.1349
    -96.9667
    -95.7441
    -94.4927
    -93.1785
    -91.6705
    -90.0578
    -88.3641
    -87.4498
    -86.5176
    -84.9339
    -83.254
    -81.4898
    -79.3274
    -76.5762
    -73.9822
    -71.3961
    -68.7579
    -66.0096
    -63.6932
    -61.4029
    -59.1349
    -56.7208
    -54.3914
    -52.1103
    -49.8269
    -47.4033
    -45.0287
    -42.7729
    -40.368
    -38.1136
    -35.8579
    -33.6599
    -31.7048
    -29.7362
    -28.0474
    -26.2928
    -24.8108
    -23.27
    -21.9597
    -20.6135
    -19.4435
    -18.2742
    -17.2168
    -16.1981
    -15.2212
    -14.355
    -13.5003
    -12.7157
    -11.9704
    -11.2603
    -10.6048
    -33.6599
    -31.7048
    -29.7362
    -28.0474
    -26.2928
    -24.8108
    -23.27
    -21.9597
    -20.6135
    -19.4435
    -18.2742
    -17.2168
    -16.1981
    -15.2212
    -14.355
    -13.5003
    -12.7157
    -11.9704
    -11.2603
    -10.6048
)
