160
(
    (-0.004254269826 0.08109087823 0.0005)
    (-0.004299529476 0.08177934287 0.0005)
    (-0.004347061576 0.08250237475 0.0005)
    (-0.004396980224 0.08326170945 0.0005)
    (-0.004449405245 0.08405916972 0.0005)
    (-0.004504462482 0.08489666981 0.0005)
    (-0.004562284099 0.08577622008 0.0005)
    (-0.004623008889 0.08669993182 0.0005)
    (-0.004686782622 0.08767002238 0.0005)
    (-0.00475375838 0.08868882038 0.0005)
    (-0.004824096936 0.08975877137 0.0005)
    (-0.004897967131 0.0908824437 0.0005)
    (-0.004975546288 0.0920625347 0.0005)
    (-0.005057020629 0.09330187708 0.0005)
    (-0.00514258573 0.09460344581 0.0005)
    (-0.005232446982 0.09597036522 0.0005)
    (-0.005326820095 0.09740591651 0.0005)
    (-0.005425931602 0.09891354565 0.0005)
    (-0.005530019415 0.1004968716 0.0005)
    (-0.005639333391 0.102159695 0.0005)
    (-0.00575413593 0.1039060074 0.0005)
    (-0.005874702611 0.1057400007 0.0005)
    (-0.006001322843 0.1076660773 0.0005)
    (-0.006134300572 0.1096888605 0.0005)
    (-0.006273955002 0.1118132061 0.0005)
    (-0.006420621365 0.1140442132 0.0005)
    (-0.006574651723 0.1163872373 0.0005)
    (-0.006736415818 0.1188479028 0.0005)
    (-0.006906301953 0.1214321163 0.0005)
    (-0.00708471793 0.1241460809 0.0005)
    (-0.007272092025 0.1269963115 0.0005)
    (-0.007468874017 0.1299896497 0.0005)
    (-0.00767553627 0.133133281 0.0005)
    (-0.007892574861 0.1364347513 0.0005)
    (-0.008120510781 0.1399019857 0.0005)
    (-0.008359891172 0.1435433072 0.0005)
    (-0.008611290654 0.1473674564 0.0005)
    (-0.008875312695 0.1513836128 0.0005)
    (-0.009152591062 0.1556014171 0.0005)
    (-0.009443791346 0.1600309939 0.0005)
    (-0.009749612555 0.1646829761 0.0005)
    (-0.01007078879 0.1695685304 0.0005)
    (-0.01040809102 0.1746993843 0.0005)
    (-0.01076232891 0.1800878542 0.0005)
    (-0.01113435279 0.1857468746 0.0005)
    (-0.01152505568 0.1916900297 0.0005)
    (-0.01193537544 0.1979315857 0.0005)
    (-0.01236629701 0.204486525 0.0005)
    (-0.0128188548 0.2113705824 0.0005)
    (-0.01329413513 0.2186002826 0.0005)
    (-0.0137932789 0.2261929801 0.0005)
    (-0.01431748426 0.2341669004 0.0005)
    (-0.01486800953 0.2425411847 0.0005)
    (-0.01544617622 0.251335935 0.0005)
    (-0.01605337218 0.2605722622 0.0005)
    (-0.01669105494 0.2702723378 0.0005)
    (-0.01736075522 0.2804594461 0.0005)
    (-0.0180640806 0.2911580407 0.0005)
    (-0.01880271936 0.3023938027 0.0005)
    (-0.01957844456 0.314193703 0.0005)
    (-0.004254269826 0.08109087823 -0.0005)
    (-0.004299529476 0.08177934287 -0.0005)
    (-0.004347061576 0.08250237475 -0.0005)
    (-0.004396980224 0.08326170945 -0.0005)
    (-0.004449405245 0.08405916972 -0.0005)
    (-0.004504462482 0.08489666981 -0.0005)
    (-0.004562284099 0.08577622008 -0.0005)
    (-0.004623008889 0.08669993182 -0.0005)
    (-0.004686782622 0.08767002238 -0.0005)
    (-0.00475375838 0.08868882038 -0.0005)
    (-0.004824096936 0.08975877137 -0.0005)
    (-0.004897967131 0.0908824437 -0.0005)
    (-0.004975546288 0.0920625347 -0.0005)
    (-0.005057020629 0.09330187708 -0.0005)
    (-0.00514258573 0.09460344581 -0.0005)
    (-0.005232446982 0.09597036522 -0.0005)
    (-0.005326820095 0.09740591651 -0.0005)
    (-0.005425931602 0.09891354565 -0.0005)
    (-0.005530019415 0.1004968716 -0.0005)
    (-0.005639333391 0.102159695 -0.0005)
    (-0.00575413593 0.1039060074 -0.0005)
    (-0.005874702611 0.1057400007 -0.0005)
    (-0.006001322843 0.1076660773 -0.0005)
    (-0.006134300572 0.1096888605 -0.0005)
    (-0.006273955002 0.1118132061 -0.0005)
    (-0.006420621365 0.1140442132 -0.0005)
    (-0.006574651723 0.1163872373 -0.0005)
    (-0.006736415818 0.1188479028 -0.0005)
    (-0.006906301953 0.1214321163 -0.0005)
    (-0.00708471793 0.1241460809 -0.0005)
    (-0.007272092025 0.1269963115 -0.0005)
    (-0.007468874017 0.1299896497 -0.0005)
    (-0.00767553627 0.133133281 -0.0005)
    (-0.007892574861 0.1364347513 -0.0005)
    (-0.008120510781 0.1399019857 -0.0005)
    (-0.008359891172 0.1435433072 -0.0005)
    (-0.008611290654 0.1473674564 -0.0005)
    (-0.008875312695 0.1513836128 -0.0005)
    (-0.009152591062 0.1556014171 -0.0005)
    (-0.009443791346 0.1600309939 -0.0005)
    (-0.009749612555 0.1646829761 -0.0005)
    (-0.01007078879 0.1695685304 -0.0005)
    (-0.01040809102 0.1746993843 -0.0005)
    (-0.01076232891 0.1800878542 -0.0005)
    (-0.01113435279 0.1857468746 -0.0005)
    (-0.01152505568 0.1916900297 -0.0005)
    (-0.01193537544 0.1979315857 -0.0005)
    (-0.01236629701 0.204486525 -0.0005)
    (-0.0128188548 0.2113705824 -0.0005)
    (-0.01329413513 0.2186002826 -0.0005)
    (-0.0137932789 0.2261929801 -0.0005)
    (-0.01431748426 0.2341669004 -0.0005)
    (-0.01486800953 0.2425411847 -0.0005)
    (-0.01544617622 0.251335935 -0.0005)
    (-0.01605337218 0.2605722622 -0.0005)
    (-0.01669105494 0.2702723378 -0.0005)
    (-0.01736075522 0.2804594461 -0.0005)
    (-0.0180640806 0.2911580407 -0.0005)
    (-0.01880271936 0.3023938027 -0.0005)
    (-0.01957844456 0.314193703 -0.0005)
    (-0.02036939611 0.3262252183 0.0005)
    (-0.02115657669 0.3381993716 0.0005)
    (-0.02194375727 0.3501735249 0.0005)
    (-0.02273093785 0.3621476781 0.0005)
    (-0.02351811843 0.3741218314 0.0005)
    (-0.02430529902 0.3860959847 0.0005)
    (-0.0250924796 0.398070138 0.0005)
    (-0.02587966018 0.4100442913 0.0005)
    (-0.02666684076 0.4220184445 0.0005)
    (-0.02745402134 0.4339925978 0.0005)
    (-0.02824120192 0.445966751 0.0005)
    (-0.0290283825 0.4579409044 0.0005)
    (-0.02981556308 0.4699150577 0.0005)
    (-0.03060274366 0.4818892109 0.0005)
    (-0.03138992424 0.4938633642 0.0005)
    (-0.03217710483 0.5058375175 0.0005)
    (-0.03296428541 0.5178116708 0.0005)
    (-0.03375146599 0.529785824 0.0005)
    (-0.03453864657 0.5417599774 0.0005)
    (-0.03532582715 0.5537341306 0.0005)
    (-0.02036939611 0.3262252183 -0.0005)
    (-0.02115657669 0.3381993716 -0.0005)
    (-0.02194375727 0.3501735249 -0.0005)
    (-0.02273093785 0.3621476781 -0.0005)
    (-0.02351811843 0.3741218314 -0.0005)
    (-0.02430529902 0.3860959847 -0.0005)
    (-0.0250924796 0.398070138 -0.0005)
    (-0.02587966018 0.4100442913 -0.0005)
    (-0.02666684076 0.4220184445 -0.0005)
    (-0.02745402134 0.4339925978 -0.0005)
    (-0.02824120192 0.445966751 -0.0005)
    (-0.0290283825 0.4579409044 -0.0005)
    (-0.02981556308 0.4699150577 -0.0005)
    (-0.03060274366 0.4818892109 -0.0005)
    (-0.03138992424 0.4938633642 -0.0005)
    (-0.03217710483 0.5058375175 -0.0005)
    (-0.03296428541 0.5178116708 -0.0005)
    (-0.03375146599 0.529785824 -0.0005)
    (-0.03453864657 0.5417599774 -0.0005)
    (-0.03532582715 0.5537341306 -0.0005)
)
