1000
(
    (-0.03670035021 0.5596509087 0.0005)
    (-0.03670035021 0.5596509087 -0.0005)
    (-0.03866318642 0.5595109319 0.0005)
    (-0.03866318642 0.5595109319 -0.0005)
    (-0.04062770354 0.5593720294 0.0005)
    (-0.04062770354 0.5593720294 -0.0005)
    (-0.0425933806 0.5592338681 0.0005)
    (-0.0425933806 0.5592338681 -0.0005)
    (-0.04455969665 0.5590961152 0.0005)
    (-0.04455969665 0.5590961152 -0.0005)
    (-0.0465261307 0.5589584377 0.0005)
    (-0.0465261307 0.5589584377 -0.0005)
    (-0.04849216179 0.5588205027 0.0005)
    (-0.04849216179 0.5588205027 -0.0005)
    (-0.05045726897 0.5586819773 0.0005)
    (-0.05045726897 0.5586819773 -0.0005)
    (-0.05242093128 0.5585425285 0.0005)
    (-0.05242093128 0.5585425285 -0.0005)
    (-0.05438262774 0.5584018233 0.0005)
    (-0.05438262774 0.5584018233 -0.0005)
    (-0.05634183741 0.5582595289 0.0005)
    (-0.05634183741 0.5582595289 -0.0005)
    (-0.05829803929 0.5581153124 0.0005)
    (-0.05829803929 0.5581153124 -0.0005)
    (-0.06025071246 0.5579688407 0.0005)
    (-0.06025071246 0.5579688407 -0.0005)
    (-0.06219933593 0.557819781 0.0005)
    (-0.06219933593 0.557819781 -0.0005)
    (-0.0641573365 0.5576669622 0.0005)
    (-0.0641573365 0.5576669622 -0.0005)
    (-0.06612827518 0.5575106013 0.0005)
    (-0.06612827518 0.5575106013 -0.0005)
    (-0.06809913032 0.5573521911 0.0005)
    (-0.06809913032 0.5573521911 -0.0005)
    (-0.07006708293 0.557192029 0.0005)
    (-0.07006708293 0.557192029 -0.0005)
    (-0.07203228571 0.5570301684 0.0005)
    (-0.07203228571 0.5570301684 -0.0005)
    (-0.0739948913 0.5568666625 0.0005)
    (-0.0739948913 0.5568666625 -0.0005)
    (-0.0759550524 0.5567015645 0.0005)
    (-0.0759550524 0.5567015645 -0.0005)
    (-0.07791292166 0.5565349278 0.0005)
    (-0.07791292166 0.5565349278 -0.0005)
    (-0.07986865177 0.5563668055 0.0005)
    (-0.07986865177 0.5563668055 -0.0005)
    (-0.08182239538 0.556197251 0.0005)
    (-0.08182239538 0.556197251 -0.0005)
    (-0.08377430519 0.5560263174 0.0005)
    (-0.08377430519 0.5560263174 -0.0005)
    (-0.08572453385 0.555854058 0.0005)
    (-0.08572453385 0.555854058 -0.0005)
    (-0.08767323405 0.5556805261 0.0005)
    (-0.08767323405 0.5556805261 -0.0005)
    (-0.08962055844 0.5555057749 0.0005)
    (-0.08962055844 0.5555057749 -0.0005)
    (-0.09159282962 0.5553271479 0.0005)
    (-0.09159282962 0.5553271479 -0.0005)
    (-0.09362627437 0.5551406321 0.0005)
    (-0.09362627437 0.5551406321 -0.0005)
    (-0.09572021644 0.5549460183 0.0005)
    (-0.09572021644 0.5549460183 -0.0005)
    (-0.09785446109 0.5547454526 0.0005)
    (-0.09785446109 0.5547454526 -0.0005)
    (-0.1000099327 0.5545409869 0.0005)
    (-0.1000099327 0.5545409869 -0.0005)
    (-0.1021675556 0.5543346728 0.0005)
    (-0.1021675556 0.5543346728 -0.0005)
    (-0.104308254 0.554128562 0.0005)
    (-0.104308254 0.554128562 -0.0005)
    (-0.1064129524 0.5539247063 0.0005)
    (-0.1064129524 0.5539247063 -0.0005)
    (-0.1084625752 0.5537251573 0.0005)
    (-0.1084625752 0.5537251573 -0.0005)
    (-0.1104380464 0.5535319669 0.0005)
    (-0.1104380464 0.5535319669 -0.0005)
    (-0.1123202907 0.5533471866 0.0005)
    (-0.1123202907 0.5533471866 -0.0005)
    (-0.1140902323 0.5531728683 0.0005)
    (-0.1140902323 0.5531728683 -0.0005)
    (-0.1157287954 0.5530110636 0.0005)
    (-0.1157287954 0.5530110636 -0.0005)
    (-0.1173353159 0.5528520578 0.0005)
    (-0.1173353159 0.5528520578 -0.0005)
    (-0.1196140424 0.5526229171 0.0005)
    (-0.1196140424 0.5526229171 -0.0005)
    (-0.1220874734 0.5523669024 0.0005)
    (-0.1220874734 0.5523669024 -0.0005)
    (-0.1238738293 0.5521723678 0.0005)
    (-0.1238738293 0.5521723678 -0.0005)
    (-0.1253553055 0.5520051142 0.0005)
    (-0.1253553055 0.5520051142 -0.0005)
    (-0.1269140971 0.5518309423 0.0005)
    (-0.1269140971 0.5518309423 -0.0005)
    (-0.1286512733 0.5516419442 0.0005)
    (-0.1286512733 0.5516419442 -0.0005)
    (-0.1303938857 0.551455363 0.0005)
    (-0.1303938857 0.551455363 -0.0005)
    (-0.1320782369 0.5512766534 0.0005)
    (-0.1320782369 0.5512766534 -0.0005)
    (-0.1337427718 0.5511006213 0.0005)
    (-0.1337427718 0.5511006213 -0.0005)
    (-0.1354259355 0.5509220721 0.0005)
    (-0.1354259355 0.5509220721 -0.0005)
    (-0.1371661729 0.5507358119 0.0005)
    (-0.1371661729 0.5507358119 -0.0005)
    (-0.1390019288 0.5505366463 0.0005)
    (-0.1390019288 0.5505366463 -0.0005)
    (-0.1409716481 0.5503193812 0.0005)
    (-0.1409716481 0.5503193812 -0.0005)
    (-0.1431137758 0.5500788222 0.0005)
    (-0.1431137758 0.5500788222 -0.0005)
    (-0.145022398 0.5498616153 0.0005)
    (-0.145022398 0.5498616153 -0.0005)
    (-0.1466247411 0.5496777415 0.0005)
    (-0.1466247411 0.5496777415 -0.0005)
    (-0.1482878703 0.5494862179 0.0005)
    (-0.1482878703 0.5494862179 -0.0005)
    (-0.1500213512 0.5492858689 0.0005)
    (-0.1500213512 0.5492858689 -0.0005)
    (-0.1518149094 0.5490777862 0.0005)
    (-0.1518149094 0.5490777862 -0.0005)
    (-0.153658271 0.5488630614 0.0005)
    (-0.153658271 0.5488630614 -0.0005)
    (-0.1555411617 0.5486427859 0.0005)
    (-0.1555411617 0.5486427859 -0.0005)
    (-0.1574533074 0.5484180514 0.0005)
    (-0.1574533074 0.5484180514 -0.0005)
    (-0.159384434 0.5481899495 0.0005)
    (-0.159384434 0.5481899495 -0.0005)
    (-0.1613242672 0.5479595717 0.0005)
    (-0.1613242672 0.5479595717 -0.0005)
    (-0.1632625332 0.5477280096 0.0005)
    (-0.1632625332 0.5477280096 -0.0005)
    (-0.1651889576 0.5474963548 0.0005)
    (-0.1651889576 0.5474963548 -0.0005)
    (-0.1670932664 0.5472656988 0.0005)
    (-0.1670932664 0.5472656988 -0.0005)
    (-0.1689651853 0.5470371333 0.0005)
    (-0.1689651853 0.5470371333 -0.0005)
    (-0.1708148771 0.546809235 0.0005)
    (-0.1708148771 0.546809235 -0.0005)
    (-0.1726783222 0.5465775043 0.0005)
    (-0.1726783222 0.5465775043 -0.0005)
    (-0.1745701897 0.5463402392 0.0005)
    (-0.1745701897 0.5463402392 -0.0005)
    (-0.1764803474 0.5460988639 0.0005)
    (-0.1764803474 0.5460988639 -0.0005)
    (-0.1784005539 0.5458545696 0.0005)
    (-0.1784005539 0.5458545696 -0.0005)
    (-0.180322568 0.5456085474 0.0005)
    (-0.180322568 0.5456085474 -0.0005)
    (-0.1822381482 0.5453619888 0.0005)
    (-0.1822381482 0.5453619888 -0.0005)
    (-0.1841390535 0.545116085 0.0005)
    (-0.1841390535 0.545116085 -0.0005)
    (-0.1860170424 0.5448720272 0.0005)
    (-0.1860170424 0.5448720272 -0.0005)
    (-0.1878638737 0.5446310067 0.0005)
    (-0.1878638737 0.5446310067 -0.0005)
    (-0.1896713061 0.5443942148 0.0005)
    (-0.1896713061 0.5443942148 -0.0005)
    (-0.1914310983 0.5441628426 0.0005)
    (-0.1914310983 0.5441628426 -0.0005)
    (-0.193135009 0.5439380816 0.0005)
    (-0.193135009 0.5439380816 -0.0005)
    (-0.1947747968 0.543721123 0.0005)
    (-0.1947747968 0.543721123 -0.0005)
    (-0.1965680515 0.5434827654 0.0005)
    (-0.1965680515 0.5434827654 -0.0005)
    (-0.1985874752 0.5432119177 0.0005)
    (-0.1985874752 0.5432119177 -0.0005)
    (-0.2005822542 0.5429410323 0.0005)
    (-0.2005822542 0.5429410323 -0.0005)
    (-0.202463825 0.5426824201 0.0005)
    (-0.202463825 0.5426824201 -0.0005)
    (-0.204258672 0.5424332097 0.0005)
    (-0.204258672 0.5424332097 -0.0005)
    (-0.2059932801 0.5421905301 0.0005)
    (-0.2059932801 0.5421905301 -0.0005)
    (-0.2076941341 0.5419515098 0.0005)
    (-0.2076941341 0.5419515098 -0.0005)
    (-0.2093877184 0.5417132776 0.0005)
    (-0.2093877184 0.5417132776 -0.0005)
    (-0.2111005179 0.5414729623 0.0005)
    (-0.2111005179 0.5414729623 -0.0005)
    (-0.2128590173 0.5412276926 0.0005)
    (-0.2128590173 0.5412276926 -0.0005)
    (-0.2144943723 0.5410029147 0.0005)
    (-0.2144943723 0.5410029147 -0.0005)
    (-0.2158466445 0.54082169 0.0005)
    (-0.2158466445 0.54082169 -0.0005)
    (-0.2173907433 0.540611256 0.0005)
    (-0.2173907433 0.540611256 -0.0005)
    (-0.2198238819 0.5402642806 0.0005)
    (-0.2198238819 0.5402642806 -0.0005)
    (-0.222008362 0.5399469222 0.0005)
    (-0.222008362 0.5399469222 -0.0005)
    (-0.2234685651 0.5397333067 0.0005)
    (-0.2234685651 0.5397333067 -0.0005)
    (-0.2250986699 0.5394947243 0.0005)
    (-0.2250986699 0.5394947243 -0.0005)
    (-0.2268739704 0.5392346009 0.0005)
    (-0.2268739704 0.5392346009 -0.0005)
    (-0.2287697612 0.5389563626 0.0005)
    (-0.2287697612 0.5389563626 -0.0005)
    (-0.2307613366 0.5386634351 0.0005)
    (-0.2307613366 0.5386634351 -0.0005)
    (-0.2328239906 0.5383592444 0.0005)
    (-0.2328239906 0.5383592444 -0.0005)
    (-0.2349330179 0.5380472166 0.0005)
    (-0.2349330179 0.5380472166 -0.0005)
    (-0.2370637124 0.5377307775 0.0005)
    (-0.2370637124 0.5377307775 -0.0005)
    (-0.2391913687 0.5374133531 0.0005)
    (-0.2391913687 0.5374133531 -0.0005)
    (-0.2412912809 0.5370983692 0.0005)
    (-0.2412912809 0.5370983692 -0.0005)
    (-0.2433387434 0.536789252 0.0005)
    (-0.2433387434 0.536789252 -0.0005)
    (-0.2453130516 0.5364888221 0.0005)
    (-0.2453130516 0.5364888221 -0.0005)
    (-0.2472443726 0.5361925779 0.0005)
    (-0.2472443726 0.5361925779 -0.0005)
    (-0.2491710044 0.5358951813 0.0005)
    (-0.2491710044 0.5358951813 -0.0005)
    (-0.2510929401 0.5355968894 0.0005)
    (-0.2510929401 0.5355968894 -0.0005)
    (-0.2530106092 0.5352976722 0.0005)
    (-0.2530106092 0.5352976722 -0.0005)
    (-0.2549244409 0.5349975 0.0005)
    (-0.2549244409 0.5349975 -0.0005)
    (-0.2568348644 0.5346963428 0.0005)
    (-0.2568348644 0.5346963428 -0.0005)
    (-0.2587423088 0.5343941709 0.0005)
    (-0.2587423088 0.5343941709 -0.0005)
    (-0.2606472036 0.5340909543 0.0005)
    (-0.2606472036 0.5340909543 -0.0005)
    (-0.2625499777 0.5337866634 0.0005)
    (-0.2625499777 0.5337866634 -0.0005)
    (-0.2644510604 0.5334812682 0.0005)
    (-0.2644510604 0.5334812682 -0.0005)
    (-0.2663508811 0.5331747389 0.0005)
    (-0.2663508811 0.5331747389 -0.0005)
    (-0.268249869 0.5328670456 0.0005)
    (-0.268249869 0.5328670456 -0.0005)
    (-0.2701576677 0.5325565801 0.0005)
    (-0.2701576677 0.5325565801 -0.0005)
    (-0.2721127157 0.5322365558 0.0005)
    (-0.2721127157 0.5322365558 -0.0005)
    (-0.2741345304 0.5319033698 0.0005)
    (-0.2741345304 0.5319033698 -0.0005)
    (-0.2762027715 0.5315605307 0.0005)
    (-0.2762027715 0.5315605307 -0.0005)
    (-0.2782957425 0.5312118757 0.0005)
    (-0.2782957425 0.5312118757 -0.0005)
    (-0.2803917468 0.5308612421 0.0005)
    (-0.2803917468 0.5308612421 -0.0005)
    (-0.2824690877 0.5305124673 0.0005)
    (-0.2824690877 0.5305124673 -0.0005)
    (-0.2845060688 0.5301693886 0.0005)
    (-0.2845060688 0.5301693886 -0.0005)
    (-0.2864809933 0.5298358433 0.0005)
    (-0.2864809933 0.5298358433 -0.0005)
    (-0.2883721647 0.5295156688 0.0005)
    (-0.2883721647 0.5295156688 -0.0005)
    (-0.2901578865 0.5292127023 0.0005)
    (-0.2901578865 0.5292127023 -0.0005)
    (-0.291816462 0.5289307813 0.0005)
    (-0.291816462 0.5289307813 -0.0005)
    (-0.2933261946 0.5286737431 0.0005)
    (-0.2933261946 0.5286737431 -0.0005)
    (-0.2954128168 0.5283159435 0.0005)
    (-0.2954128168 0.5283159435 -0.0005)
    (-0.297819837 0.5278972968 0.0005)
    (-0.297819837 0.5278972968 -0.0005)
    (-0.2996360326 0.5275730144 0.0005)
    (-0.2996360326 0.5275730144 -0.0005)
    (-0.3011295358 0.5273007826 0.0005)
    (-0.3011295358 0.5273007826 -0.0005)
    (-0.3026729107 0.5270205064 0.0005)
    (-0.3026729107 0.5270205064 -0.0005)
    (-0.3044371585 0.5267047262 0.0005)
    (-0.3044371585 0.5267047262 -0.0005)
    (-0.3062574786 0.52638204 0.0005)
    (-0.3062574786 0.52638204 -0.0005)
    (-0.3080162882 0.5260719288 0.0005)
    (-0.3080162882 0.5260719288 -0.0005)
    (-0.3097774604 0.5257613345 0.0005)
    (-0.3097774604 0.5257613345 -0.0005)
    (-0.3116048686 0.5254371992 0.0005)
    (-0.3116048686 0.5254371992 -0.0005)
    (-0.3135623859 0.5250864649 0.0005)
    (-0.3135623859 0.5250864649 -0.0005)
    (-0.3157138856 0.5246960736 0.0005)
    (-0.3157138856 0.5246960736 -0.0005)
    (-0.3178147628 0.524310493 0.0005)
    (-0.3178147628 0.524310493 -0.0005)
    (-0.3196323461 0.5239743079 0.0005)
    (-0.3196323461 0.5239743079 -0.0005)
    (-0.3213798157 0.5236499673 0.0005)
    (-0.3213798157 0.5236499673 -0.0005)
    (-0.3232183554 0.5233077834 0.0005)
    (-0.3232183554 0.5233077834 -0.0005)
    (-0.3251317108 0.5229506577 0.0005)
    (-0.3251317108 0.5229506577 -0.0005)
    (-0.3271036273 0.5225814919 0.0005)
    (-0.3271036273 0.5225814919 -0.0005)
    (-0.3291178506 0.5222031874 0.0005)
    (-0.3291178506 0.5222031874 -0.0005)
    (-0.3311581262 0.5218186461 0.0005)
    (-0.3311581262 0.5218186461 -0.0005)
    (-0.3332081998 0.5214307694 0.0005)
    (-0.3332081998 0.5214307694 -0.0005)
    (-0.335251817 0.5210424589 0.0005)
    (-0.335251817 0.5210424589 -0.0005)
    (-0.3372727232 0.5206566162 0.0005)
    (-0.3372727232 0.5206566162 -0.0005)
    (-0.3392546641 0.5202761431 0.0005)
    (-0.3392546641 0.5202761431 -0.0005)
    (-0.3412032286 0.5198998714 0.0005)
    (-0.3412032286 0.5198998714 -0.0005)
    (-0.3431422181 0.5195235314 0.0005)
    (-0.3431422181 0.5195235314 -0.0005)
    (-0.3450791091 0.5191459755 0.0005)
    (-0.3450791091 0.5191459755 -0.0005)
    (-0.3470116705 0.5187676193 0.0005)
    (-0.3470116705 0.5187676193 -0.0005)
    (-0.348940656 0.5183882868 0.0005)
    (-0.348940656 0.5183882868 -0.0005)
    (-0.3508668192 0.5180078022 0.0005)
    (-0.3508668192 0.5180078022 -0.0005)
    (-0.3527909142 0.5176259895 0.0005)
    (-0.3527909142 0.5176259895 -0.0005)
    (-0.3547136943 0.5172426726 0.0005)
    (-0.3547136943 0.5172426726 -0.0005)
    (-0.3566359136 0.5168576756 0.0005)
    (-0.3566359136 0.5168576756 -0.0005)
    (-0.3585583257 0.5164708226 0.0005)
    (-0.3585583257 0.5164708226 -0.0005)
    (-0.3604816844 0.5160819375 0.0005)
    (-0.3604816844 0.5160819375 -0.0005)
    (-0.3624069356 0.5156908005 0.0005)
    (-0.3624069356 0.5156908005 -0.0005)
    (-0.3643608429 0.5152915132 0.0005)
    (-0.3643608429 0.5152915132 -0.0005)
    (-0.3663785147 0.5148763705 0.0005)
    (-0.3663785147 0.5148763705 -0.0005)
    (-0.3684557442 0.51444632 0.0005)
    (-0.3684557442 0.51444632 -0.0005)
    (-0.3705662899 0.514007135 0.0005)
    (-0.3705662899 0.514007135 -0.0005)
    (-0.3726839105 0.5135645887 0.0005)
    (-0.3726839105 0.5135645887 -0.0005)
    (-0.3747823645 0.5131244543 0.0005)
    (-0.3747823645 0.5131244543 -0.0005)
    (-0.3768354106 0.512692505 0.0005)
    (-0.3768354106 0.512692505 -0.0005)
    (-0.3788168072 0.5122745139 0.0005)
    (-0.3788168072 0.5122745139 -0.0005)
    (-0.380700313 0.5118762542 0.0005)
    (-0.380700313 0.5118762542 -0.0005)
    (-0.3824596865 0.5115034994 0.0005)
    (-0.3824596865 0.5115034994 -0.0005)
    (-0.3840686863 0.5111620223 0.0005)
    (-0.3840686863 0.5111620223 -0.0005)
    (-0.3859269029 0.5107663463 0.0005)
    (-0.3859269029 0.5107663463 -0.0005)
    (-0.3882129468 0.5102737627 0.0005)
    (-0.3882129468 0.5102737627 -0.0005)
    (-0.3902361594 0.5098283348 0.0005)
    (-0.3902361594 0.5098283348 -0.0005)
    (-0.391777024 0.5094805072 0.0005)
    (-0.391777024 0.5094805072 -0.0005)
    (-0.3933096254 0.5091343517 0.0005)
    (-0.3933096254 0.5091343517 -0.0005)
    (-0.395175915 0.5087187096 0.0005)
    (-0.395175915 0.5087187096 -0.0005)
    (-0.397208253 0.5082702748 0.0005)
    (-0.397208253 0.5082702748 -0.0005)
    (-0.3991836514 0.5078363266 0.0005)
    (-0.3991836514 0.5078363266 -0.0005)
    (-0.4012012322 0.5073916464 0.0005)
    (-0.4012012322 0.5073916464 -0.0005)
    (-0.4033601177 0.5069110157 0.0005)
    (-0.4033601177 0.5069110157 -0.0005)
    (-0.4057594299 0.506369216 0.0005)
    (-0.4057594299 0.506369216 -0.0005)
    (-0.4080498156 0.5058456203 0.0005)
    (-0.4080498156 0.5058456203 -0.0005)
    (-0.4100452126 0.5053858162 0.0005)
    (-0.4100452126 0.5053858162 -0.0005)
    (-0.4120596184 0.5049201159 0.0005)
    (-0.4120596184 0.5049201159 -0.0005)
    (-0.4141813713 0.5044280331 0.0005)
    (-0.4141813713 0.5044280331 -0.0005)
    (-0.416384856 0.5039151819 0.0005)
    (-0.416384856 0.5039151819 -0.0005)
    (-0.4186444568 0.5033871765 0.0005)
    (-0.4186444568 0.5033871765 -0.0005)
    (-0.4209345583 0.5028496311 0.0005)
    (-0.4209345583 0.5028496311 -0.0005)
    (-0.423229545 0.5023081598 0.0005)
    (-0.423229545 0.5023081598 -0.0005)
    (-0.4255038012 0.5017683769 0.0005)
    (-0.4255038012 0.5017683769 -0.0005)
    (-0.4277317117 0.5012358966 0.0005)
    (-0.4277317117 0.5012358966 -0.0005)
    (-0.4299176269 0.5007094746 0.0005)
    (-0.4299176269 0.5007094746 -0.0005)
    (-0.4320910519 0.5001825758 0.0005)
    (-0.4320910519 0.5001825758 -0.0005)
    (-0.4342626089 0.499653133 0.0005)
    (-0.4342626089 0.499653133 -0.0005)
    (-0.4364305135 0.4991215685 0.0005)
    (-0.4364305135 0.4991215685 -0.0005)
    (-0.4385946464 0.4985878942 0.0005)
    (-0.4385946464 0.4985878942 -0.0005)
    (-0.4407548878 0.4980521221 0.0005)
    (-0.4407548878 0.4980521221 -0.0005)
    (-0.4429111184 0.4975142643 0.0005)
    (-0.4429111184 0.4975142643 -0.0005)
    (-0.4450632186 0.4969743326 0.0005)
    (-0.4450632186 0.4969743326 -0.0005)
    (-0.4472110689 0.4964323391 0.0005)
    (-0.4472110689 0.4964323391 -0.0005)
    (-0.4493559242 0.4958879452 0.0005)
    (-0.4493559242 0.4958879452 -0.0005)
    (-0.4515132772 0.4953372025 0.0005)
    (-0.4515132772 0.4953372025 -0.0005)
    (-0.4536820179 0.494780408 0.0005)
    (-0.4536820179 0.494780408 -0.0005)
    (-0.455846769 0.4942214664 0.0005)
    (-0.455846769 0.4942214664 -0.0005)
    (-0.458007352 0.4936603836 0.0005)
    (-0.458007352 0.4936603836 -0.0005)
    (-0.4601635882 0.4930971657 0.0005)
    (-0.4601635882 0.4930971657 -0.0005)
    (-0.4623152991 0.4925318189 0.0005)
    (-0.4623152991 0.4925318189 -0.0005)
    (-0.464462306 0.4919643493 0.0005)
    (-0.464462306 0.4919643493 -0.0005)
    (-0.4666044304 0.4913947629 0.0005)
    (-0.4666044304 0.4913947629 -0.0005)
    (-0.4687414937 0.4908230658 0.0005)
    (-0.4687414937 0.4908230658 -0.0005)
    (-0.4708906339 0.4902443759 0.0005)
    (-0.4708906339 0.4902443759 -0.0005)
    (-0.4731232067 0.4896378789 0.0005)
    (-0.4731232067 0.4896378789 -0.0005)
    (-0.475468925 0.4889945851 0.0005)
    (-0.475468925 0.4889945851 -0.0005)
    (-0.477875778 0.4883295752 0.0005)
    (-0.477875778 0.4883295752 -0.0005)
    (-0.4802885748 0.4876591316 0.0005)
    (-0.4802885748 0.4876591316 -0.0005)
    (-0.4826521247 0.4869995368 0.0005)
    (-0.4826521247 0.4869995368 -0.0005)
    (-0.4849112367 0.4863670733 0.0005)
    (-0.4849112367 0.4863670733 -0.0005)
    (-0.48701072 0.4857780237 0.0005)
    (-0.48701072 0.4857780237 -0.0005)
    (-0.4888953837 0.4852486705 0.0005)
    (-0.4888953837 0.4852486705 -0.0005)
    (-0.4905100368 0.4847952961 0.0005)
    (-0.4905100368 0.4847952961 -0.0005)
    (-0.4928109573 0.4841418414 0.0005)
    (-0.4928109573 0.4841418414 -0.0005)
    (-0.4949462419 0.4835208593 0.0005)
    (-0.4949462419 0.4835208593 -0.0005)
    (-0.4969671008 0.4829210268 0.0005)
    (-0.4969671008 0.4829210268 -0.0005)
    (-0.4998420382 0.4820798231 0.0005)
    (-0.4998420382 0.4820798231 -0.0005)
    (-0.5026958101 0.4812465671 0.0005)
    (-0.5026958101 0.4812465671 -0.0005)
    (-0.5056148921 0.4803887868 0.0005)
    (-0.5056148921 0.4803887868 -0.0005)
    (-0.5086857598 0.4794740099 0.0005)
    (-0.5086857598 0.4794740099 -0.0005)
    (-0.511696907 0.4785632823 0.0005)
    (-0.511696907 0.4785632823 -0.0005)
    (-0.5145429463 0.4776929587 0.0005)
    (-0.5145429463 0.4776929587 -0.0005)
    (-0.5174365336 0.4768024592 0.0005)
    (-0.5174365336 0.4768024592 -0.0005)
    (-0.5204215703 0.4758774363 0.0005)
    (-0.5204215703 0.4758774363 -0.0005)
    (-0.5234592594 0.474928501 0.0005)
    (-0.5234592594 0.474928501 -0.0005)
    (-0.5265108042 0.4739662642 0.0005)
    (-0.5265108042 0.4739662642 -0.0005)
    (-0.5295341624 0.4730024032 0.0005)
    (-0.5295341624 0.4730024032 -0.0005)
    (-0.5324902176 0.4720497928 0.0005)
    (-0.5324902176 0.4720497928 -0.0005)
    (-0.5354061009 0.4711016936 0.0005)
    (-0.5354061009 0.4711016936 -0.0005)
    (-0.5383268818 0.4701438974 0.0005)
    (-0.5383268818 0.4701438974 -0.0005)
    (-0.541255493 0.4691744738 0.0005)
    (-0.541255493 0.4691744738 -0.0005)
    (-0.5441948671 0.4681914921 0.0005)
    (-0.5441948671 0.4681914921 -0.0005)
    (-0.5471479368 0.4671930219 0.0005)
    (-0.5471479368 0.4671930219 -0.0005)
    (-0.5501005244 0.4661831599 0.0005)
    (-0.5501005244 0.4661831599 -0.0005)
    (-0.5530127421 0.4651767958 0.0005)
    (-0.5530127421 0.4651767958 -0.0005)
    (-0.5558987026 0.4641706431 0.0005)
    (-0.5558987026 0.4641706431 -0.0005)
    (-0.5587969499 0.4631509637 0.0005)
    (-0.5587969499 0.4631509637 -0.0005)
    (-0.5617078575 0.4621165088 0.0005)
    (-0.5617078575 0.4621165088 -0.0005)
    (-0.5646317994 0.4610660297 0.0005)
    (-0.5646317994 0.4610660297 -0.0005)
    (-0.5675691495 0.4599982776 0.0005)
    (-0.5675691495 0.4599982776 -0.0005)
    (-0.5705060086 0.4589174236 0.0005)
    (-0.5705060086 0.4589174236 -0.0005)
    (-0.5733862973 0.4578461069 0.0005)
    (-0.5733862973 0.4578461069 -0.0005)
    (-0.5762153323 0.4567848696 0.0005)
    (-0.5762153323 0.4567848696 -0.0005)
    (-0.5790470483 0.4557129149 0.0005)
    (-0.5790470483 0.4557129149 -0.0005)
    (-0.5818946939 0.4546232524 0.0005)
    (-0.5818946939 0.4546232524 -0.0005)
    (-0.5847715176 0.4535088919 0.0005)
    (-0.5847715176 0.4535088919 -0.0005)
    (-0.5876907681 0.452362843 0.0005)
    (-0.5876907681 0.452362843 -0.0005)
    (-0.5906656942 0.4511781154 0.0005)
    (-0.5906656942 0.4511781154 -0.0005)
    (-0.5935770689 0.450002015 0.0005)
    (-0.5935770689 0.450002015 -0.0005)
    (-0.5964391151 0.4488298327 0.0005)
    (-0.5964391151 0.4488298327 -0.0005)
    (-0.5993893558 0.4476079374 0.0005)
    (-0.5993893558 0.4476079374 -0.0005)
    (-0.6023976456 0.4463502177 0.0005)
    (-0.6023976456 0.4463502177 -0.0005)
    (-0.6054087969 0.4450806925 0.0005)
    (-0.6054087969 0.4450806925 -0.0005)
    (-0.6083676226 0.4438233807 0.0005)
    (-0.6083676226 0.4438233807 -0.0005)
    (-0.6112189352 0.4426023014 0.0005)
    (-0.6112189352 0.4426023014 -0.0005)
    (-0.6139075473 0.4414414732 0.0005)
    (-0.6139075473 0.4414414732 -0.0005)
    (-0.6166820497 0.440229338 0.0005)
    (-0.6166820497 0.440229338 -0.0005)
    (-0.6196978673 0.4388845738 0.0005)
    (-0.6196978673 0.4388845738 -0.0005)
    (-0.6226192641 0.437548078 0.0005)
    (-0.6226192641 0.437548078 -0.0005)
    (-0.6253031169 0.436293671 0.0005)
    (-0.6253031169 0.436293671 -0.0005)
    (-0.6278931336 0.4350716914 0.0005)
    (-0.6278931336 0.4350716914 -0.0005)
    (-0.6305330223 0.4338324773 0.0005)
    (-0.6305330223 0.4338324773 -0.0005)
    (-0.6354309134 0.4315605255 0.0005)
    (-0.6354309134 0.4315605255 -0.0005)
    (-0.6434052241 0.4275987639 0.0005)
    (-0.6434052241 0.4275987639 -0.0005)
    (-0.6517462175 0.4231836575 0.0005)
    (-0.6517462175 0.4231836575 -0.0005)
    (-0.6598725689 0.4188112948 0.0005)
    (-0.6598725689 0.4188112948 -0.0005)
    (-0.6680597516 0.4143539917 0.0005)
    (-0.6680597516 0.4143539917 -0.0005)
    (-0.6753667924 0.4103031145 0.0005)
    (-0.6753667924 0.4103031145 -0.0005)
    (-0.6822360359 0.406339349 0.0005)
    (-0.6822360359 0.406339349 -0.0005)
    (-0.6887752364 0.4023465509 0.0005)
    (-0.6887752364 0.4023465509 -0.0005)
    (-0.6943877859 0.3987364101 0.0005)
    (-0.6943877859 0.3987364101 -0.0005)
    (-0.6996015031 0.3953470915 0.0005)
    (-0.6996015031 0.3953470915 -0.0005)
    (-0.7123861705 0.3867894692 0.0005)
    (-0.7123861705 0.3867894692 -0.0005)
    (-0.7321057752 0.3722561986 0.0005)
    (-0.7321057752 0.3722561986 -0.0005)
    (-0.7511146058 0.3567490264 0.0005)
    (-0.7511146058 0.3567490264 -0.0005)
    (-0.7700660608 0.340170721 0.0005)
    (-0.7700660608 0.340170721 -0.0005)
    (-0.7869889884 0.3237648817 0.0005)
    (-0.7869889884 0.3237648817 -0.0005)
    (-0.8009754717 0.3092490433 0.0005)
    (-0.8009754717 0.3092490433 -0.0005)
    (-0.8138243016 0.2952670766 0.0005)
    (-0.8138243016 0.2952670766 -0.0005)
    (-0.8262005476 0.2802360708 0.0005)
    (-0.8262005476 0.2802360708 -0.0005)
    (-0.8381175104 0.2634334866 0.0005)
    (-0.8381175104 0.2634334866 -0.0005)
    (-0.8479253825 0.2477502908 0.0005)
    (-0.8479253825 0.2477502908 -0.0005)
    (-0.8555630527 0.2345370079 0.0005)
    (-0.8555630527 0.2345370079 -0.0005)
    (-0.8628589653 0.2215282435 0.0005)
    (-0.8628589653 0.2215282435 -0.0005)
    (-0.869964065 0.2083994416 0.0005)
    (-0.869964065 0.2083994416 -0.0005)
    (-0.8767361208 0.1953394806 0.0005)
    (-0.8767361208 0.1953394806 -0.0005)
    (-0.8830732673 0.1824950629 0.0005)
    (-0.8830732673 0.1824950629 -0.0005)
    (-0.8889061975 0.1699780809 0.0005)
    (-0.8889061975 0.1699780809 -0.0005)
    (-0.8941916632 0.1578718162 0.0005)
    (-0.8941916632 0.1578718162 -0.0005)
    (-0.8989070787 0.1462361455 0.0005)
    (-0.8989070787 0.1462361455 -0.0005)
    (-0.9030460561 0.1351119067 0.0005)
    (-0.9030460561 0.1351119067 -0.0005)
    (-0.9066147234 0.1245245511 0.0005)
    (-0.9066147234 0.1245245511 -0.0005)
    (-0.9095977216 0.1146000023 0.0005)
    (-0.9095977216 0.1146000023 -0.0005)
    (-0.9120044959 0.1054304079 0.0005)
    (-0.9120044959 0.1054304079 -0.0005)
    (-0.9139623186 0.0967763754 0.0005)
    (-0.9139623186 0.0967763754 -0.0005)
    (-0.9155988254 0.08842733957 0.0005)
    (-0.9155988254 0.08842733957 -0.0005)
    (-0.9169707949 0.08038989584 0.0005)
    (-0.9169707949 0.08038989584 -0.0005)
    (-0.9181255823 0.07266683579 0.0005)
    (-0.9181255823 0.07266683579 -0.0005)
    (-0.9191025952 0.06525786492 0.0005)
    (-0.9191025952 0.06525786492 -0.0005)
    (-0.919934548 0.05816020658 0.0005)
    (-0.919934548 0.05816020658 -0.0005)
    (-0.9206485251 0.05136910935 0.0005)
    (-0.9206485251 0.05136910935 -0.0005)
    (-0.9212668843 0.04487827196 0.0005)
    (-0.9212668843 0.04487827196 -0.0005)
    (-0.9218080205 0.03868019855 0.0005)
    (-0.9218080205 0.03868019855 -0.0005)
    (-0.9222870136 0.03276649445 0.0005)
    (-0.9222870136 0.03276649445 -0.0005)
    (-0.9227161752 0.02712811185 0.0005)
    (-0.9227161752 0.02712811185 -0.0005)
    (-0.9231055105 0.02175555284 0.0005)
    (-0.9231055105 0.02175555284 -0.0005)
    (-0.9234631088 0.01663903649 0.0005)
    (-0.9234631088 0.01663903649 -0.0005)
    (-0.9237954714 0.01176863554 0.0005)
    (-0.9237954714 0.01176863554 -0.0005)
    (-0.924107787 0.007134387524 0.0005)
    (-0.924107787 0.007134387524 -0.0005)
    (-0.9244041651 0.0027263843 0.0005)
    (-0.9244041651 0.0027263843 -0.0005)
    (-0.9246878287 -0.001465156468 0.0005)
    (-0.9246878287 -0.001465156468 -0.0005)
    (-0.9249612781 -0.005449834997 0.0005)
    (-0.9249612781 -0.005449834997 -0.0005)
    (-0.9252264262 -0.009237025727 0.0005)
    (-0.9252264262 -0.009237025727 -0.0005)
    (-0.925484711 -0.01283584421 0.0005)
    (-0.925484711 -0.01283584421 -0.0005)
    (-0.9257371907 -0.01625512272 0.0005)
    (-0.9257371907 -0.01625512272 -0.0005)
    (-0.9259846203 -0.01950339317 0.0005)
    (-0.9259846203 -0.01950339317 -0.0005)
    (-0.9262275162 -0.0225888759 0.0005)
    (-0.9262275162 -0.0225888759 -0.0005)
    (-0.9264662091 -0.0255194734 0.0005)
    (-0.9264662091 -0.0255194734 -0.0005)
    (-0.9267008874 -0.02830276794 0.0005)
    (-0.9267008874 -0.02830276794 -0.0005)
    (-0.9269316316 -0.03094602247 0.0005)
    (-0.9269316316 -0.03094602247 -0.0005)
    (-0.9271584439 -0.033456184 0.0005)
    (-0.9271584439 -0.033456184 -0.0005)
    (-0.9273812705 -0.03583988905 0.0005)
    (-0.9273812705 -0.03583988905 -0.0005)
    (-0.9276000201 -0.03810347064 0.0005)
    (-0.9276000201 -0.03810347064 -0.0005)
    (-0.9278145785 -0.04025296647 0.0005)
    (-0.9278145785 -0.04025296647 -0.0005)
    (-0.9280248201 -0.042294128 0.0005)
    (-0.9280248201 -0.042294128 -0.0005)
    (-0.9282306163 -0.04423243014 0.0005)
    (-0.9282306163 -0.04423243014 -0.0005)
    (-0.9284318424 -0.04607308139 0.0005)
    (-0.9284318424 -0.04607308139 -0.0005)
    (-0.9286283826 -0.04782103417 0.0005)
    (-0.9286283826 -0.04782103417 -0.0005)
    (-0.9285399183 -0.04950903253 0.0005)
    (-0.9285399183 -0.04950903253 -0.0005)
    (-0.9281602846 -0.05123359209 0.0005)
    (-0.9281602846 -0.05123359209 -0.0005)
    (-0.9277632807 -0.05306408941 0.0005)
    (-0.9277632807 -0.05306408941 -0.0005)
    (-0.9273482985 -0.05500710201 0.0005)
    (-0.9273482985 -0.05500710201 -0.0005)
    (-0.9269147052 -0.05706960623 0.0005)
    (-0.9269147052 -0.05706960623 -0.0005)
    (-0.9264618363 -0.05925899682 0.0005)
    (-0.9264618363 -0.05925899682 -0.0005)
    (-0.9259889855 -0.06158310637 0.0005)
    (-0.9259889855 -0.06158310637 -0.0005)
    (-0.9254953911 -0.06405022395 0.0005)
    (-0.9254953911 -0.06405022395 -0.0005)
    (-0.9249802181 -0.06666911274 0.0005)
    (-0.9249802181 -0.06666911274 -0.0005)
    (-0.9244425357 -0.06944902585 0.0005)
    (-0.9244425357 -0.06944902585 -0.0005)
    (-0.9238812879 -0.07239971975 0.0005)
    (-0.9238812879 -0.07239971975 -0.0005)
    (-0.9232952562 -0.07553146424 0.0005)
    (-0.9232952562 -0.07553146424 -0.0005)
    (-0.9226830119 -0.07885504792 0.0005)
    (-0.9226830119 -0.07885504792 -0.0005)
    (-0.922042857 -0.08238177778 0.0005)
    (-0.922042857 -0.08238177778 -0.0005)
    (-0.92137275 -0.08612347101 0.0005)
    (-0.92137275 -0.08612347101 -0.0005)
    (-0.9206702123 -0.09009243717 0.0005)
    (-0.9206702123 -0.09009243717 -0.0005)
    (-0.9199322132 -0.09430144794 0.0005)
    (-0.9199322132 -0.09430144794 -0.0005)
    (-0.9191550273 -0.09876369148 0.0005)
    (-0.9191550273 -0.09876369148 -0.0005)
    (-0.9183340583 -0.1034927074 0.0005)
    (-0.9183340583 -0.1034927074 -0.0005)
    (-0.9174636225 -0.1085022983 0.0005)
    (-0.9174636225 -0.1085022983 -0.0005)
    (-0.9165366829 -0.1138064107 0.0005)
    (-0.9165366829 -0.1138064107 -0.0005)
    (-0.9155445239 -0.1194189815 0.0005)
    (-0.9155445239 -0.1194189815 -0.0005)
    (-0.9144763537 -0.1253537389 0.0005)
    (-0.9144763537 -0.1253537389 -0.0005)
    (-0.9133188195 -0.1316239493 0.0005)
    (-0.9133188195 -0.1316239493 -0.0005)
    (-0.9120554177 -0.1382420987 0.0005)
    (-0.9120554177 -0.1382420987 -0.0005)
    (-0.9106657767 -0.1452194939 0.0005)
    (-0.9106657767 -0.1452194939 -0.0005)
    (-0.9091247865 -0.1525657659 0.0005)
    (-0.9091247865 -0.1525657659 -0.0005)
    (-0.9074015452 -0.1602882566 0.0005)
    (-0.9074015452 -0.1602882566 -0.0005)
    (-0.9054580814 -0.168391262 0.0005)
    (-0.9054580814 -0.168391262 -0.0005)
    (-0.9032478126 -0.1768751043 0.0005)
    (-0.9032478126 -0.1768751043 -0.0005)
    (-0.9007136817 -0.1857349967 0.0005)
    (-0.9007136817 -0.1857349967 -0.0005)
    (-0.897785909 -0.194959658 0.0005)
    (-0.897785909 -0.194959658 -0.0005)
    (-0.8943565918 -0.2045875366 0.0005)
    (-0.8943565918 -0.2045875366 -0.0005)
    (-0.8901779953 -0.2149936133 0.0005)
    (-0.8901779953 -0.2149936133 -0.0005)
    (-0.8851430799 -0.2262700503 0.0005)
    (-0.8851430799 -0.2262700503 -0.0005)
    (-0.8793132148 -0.2381683651 0.0005)
    (-0.8793132148 -0.2381683651 -0.0005)
    (-0.8726783231 -0.2506554798 0.0005)
    (-0.8726783231 -0.2506554798 -0.0005)
    (-0.8652507761 -0.2636756538 0.0005)
    (-0.8652507761 -0.2636756538 -0.0005)
    (-0.8570730458 -0.2771443115 0.0005)
    (-0.8570730458 -0.2771443115 -0.0005)
    (-0.848227247 -0.2909404787 0.0005)
    (-0.848227247 -0.2909404787 -0.0005)
    (-0.8388469812 -0.3048975385 0.0005)
    (-0.8388469812 -0.3048975385 -0.0005)
    (-0.8291319805 -0.3187919573 0.0005)
    (-0.8291319805 -0.3187919573 -0.0005)
    (-0.8192611115 -0.3324707173 0.0005)
    (-0.8192611115 -0.3324707173 -0.0005)
    (-0.8066366828 -0.3487068142 0.0005)
    (-0.8066366828 -0.3487068142 -0.0005)
    (-0.7911481925 -0.3662765987 0.0005)
    (-0.7911481925 -0.3662765987 -0.0005)
    (-0.7752864446 -0.3816030136 0.0005)
    (-0.7752864446 -0.3816030136 -0.0005)
    (-0.758912747 -0.3958102451 0.0005)
    (-0.758912747 -0.3958102451 -0.0005)
    (-0.7397108917 -0.4114733535 0.0005)
    (-0.7397108917 -0.4114733535 -0.0005)
    (-0.7169628299 -0.4283134358 0.0005)
    (-0.7169628299 -0.4283134358 -0.0005)
    (-0.6942324926 -0.4435066134 0.0005)
    (-0.6942324926 -0.4435066134 -0.0005)
    (-0.6702960142 -0.4577205751 0.0005)
    (-0.6702960142 -0.4577205751 -0.0005)
    (-0.6540793651 -0.4664974989 0.0005)
    (-0.6540793651 -0.4664974989 -0.0005)
    (-0.6480064957 -0.4695939883 0.0005)
    (-0.6480064957 -0.4695939883 -0.0005)
    (-0.6418656475 -0.4726692596 0.0005)
    (-0.6418656475 -0.4726692596 -0.0005)
    (-0.6353178069 -0.4757565023 0.0005)
    (-0.6353178069 -0.4757565023 -0.0005)
    (-0.6290365504 -0.4785433528 0.0005)
    (-0.6290365504 -0.4785433528 -0.0005)
    (-0.6229086249 -0.4811539605 0.0005)
    (-0.6229086249 -0.4811539605 -0.0005)
    (-0.61648758 -0.4838380912 0.0005)
    (-0.61648758 -0.4838380912 -0.0005)
    (-0.6102152461 -0.4864275851 0.0005)
    (-0.6102152461 -0.4864275851 -0.0005)
    (-0.6044574479 -0.4887835458 0.0005)
    (-0.6044574479 -0.4887835458 -0.0005)
    (-0.5995133677 -0.4907927226 0.0005)
    (-0.5995133677 -0.4907927226 -0.0005)
    (-0.5942512298 -0.4928973225 0.0005)
    (-0.5942512298 -0.4928973225 -0.0005)
    (-0.5889912673 -0.4948829394 0.0005)
    (-0.5889912673 -0.4948829394 -0.0005)
    (-0.5849491196 -0.4962741076 0.0005)
    (-0.5849491196 -0.4962741076 -0.0005)
    (-0.582063456 -0.497249028 0.0005)
    (-0.582063456 -0.497249028 -0.0005)
    (-0.5799569083 -0.4979782788 0.0005)
    (-0.5799569083 -0.4979782788 -0.0005)
    (-0.5779107838 -0.4986935089 0.0005)
    (-0.5779107838 -0.4986935089 -0.0005)
    (-0.575860582 -0.4994096852 0.0005)
    (-0.575860582 -0.4994096852 -0.0005)
    (-0.5737418022 -0.5001417743 0.0005)
    (-0.5737418022 -0.5001417743 -0.0005)
    (-0.5714899438 -0.5009047431 0.0005)
    (-0.5714899438 -0.5009047431 -0.0005)
    (-0.5690405064 -0.5017135584 0.0005)
    (-0.5690405064 -0.5017135584 -0.0005)
    (-0.5666588228 -0.5024802586 0.0005)
    (-0.5666588228 -0.5024802586 -0.0005)
    (-0.564486092 -0.5031640199 0.0005)
    (-0.564486092 -0.5031640199 -0.0005)
    (-0.562249744 -0.5038575882 0.0005)
    (-0.562249744 -0.5038575882 -0.0005)
    (-0.5598615484 -0.5045910236 0.0005)
    (-0.5598615484 -0.5045910236 -0.0005)
    (-0.5573774184 -0.5053481974 0.0005)
    (-0.5573774184 -0.5053481974 -0.0005)
    (-0.554853267 -0.5061129804 0.0005)
    (-0.554853267 -0.5061129804 -0.0005)
    (-0.5523450071 -0.5068692439 0.0005)
    (-0.5523450071 -0.5068692439 -0.0005)
    (-0.5499085519 -0.5076008587 0.0005)
    (-0.5499085519 -0.5076008587 -0.0005)
    (-0.5475998143 -0.5082916959 0.0005)
    (-0.5475998143 -0.5082916959 -0.0005)
    (-0.5454747075 -0.5089256266 0.0005)
    (-0.5454747075 -0.5089256266 -0.0005)
    (-0.5435891444 -0.5094865218 0.0005)
    (-0.5435891444 -0.5094865218 -0.0005)
    (-0.5411738076 -0.5101971951 0.0005)
    (-0.5411738076 -0.5101971951 -0.0005)
    (-0.5384703558 -0.5109701658 0.0005)
    (-0.5384703558 -0.5109701658 -0.0005)
    (-0.536503696 -0.5115003071 0.0005)
    (-0.536503696 -0.5115003071 -0.0005)
    (-0.5347851976 -0.5119516164 0.0005)
    (-0.5347851976 -0.5119516164 -0.0005)
    (-0.5332166983 -0.5123698539 0.0005)
    (-0.5332166983 -0.5123698539 -0.0005)
    (-0.5319170752 -0.512718639 0.0005)
    (-0.5319170752 -0.512718639 -0.0005)
    (-0.5306264626 -0.5130667645 0.0005)
    (-0.5306264626 -0.5130667645 -0.0005)
    (-0.5293402612 -0.5134145672 0.0005)
    (-0.5293402612 -0.5134145672 -0.0005)
    (-0.5280538721 -0.5137623837 0.0005)
    (-0.5280538721 -0.5137623837 -0.0005)
    (-0.5267626961 -0.5141105504 0.0005)
    (-0.5267626961 -0.5141105504 -0.0005)
    (-0.5254621339 -0.5144594042 0.0005)
    (-0.5254621339 -0.5144594042 -0.0005)
    (-0.5241475866 -0.5148092817 0.0005)
    (-0.5241475866 -0.5148092817 -0.0005)
    (-0.5228144549 -0.5151605193 0.0005)
    (-0.5228144549 -0.5151605193 -0.0005)
    (-0.5214581398 -0.5155134539 0.0005)
    (-0.5214581398 -0.5155134539 -0.0005)
    (-0.5201213379 -0.5158565027 0.0005)
    (-0.5201213379 -0.5158565027 -0.0005)
    (-0.5188331371 -0.516182408 0.0005)
    (-0.5188331371 -0.516182408 -0.0005)
    (-0.5175512553 -0.5165027221 0.0005)
    (-0.5175512553 -0.5165027221 -0.0005)
    (-0.5162509557 -0.5168243842 0.0005)
    (-0.5162509557 -0.5168243842 -0.0005)
    (-0.514935512 -0.5171471548 0.0005)
    (-0.514935512 -0.5171471548 -0.0005)
    (-0.5136081981 -0.5174707943 0.0005)
    (-0.5136081981 -0.5174707943 -0.0005)
    (-0.5122722877 -0.5177950629 0.0005)
    (-0.5122722877 -0.5177950629 -0.0005)
    (-0.5109310546 -0.5181197212 0.0005)
    (-0.5109310546 -0.5181197212 -0.0005)
    (-0.5095877726 -0.5184445293 0.0005)
    (-0.5095877726 -0.5184445293 -0.0005)
    (-0.5082457157 -0.5187692479 0.0005)
    (-0.5082457157 -0.5187692479 -0.0005)
    (-0.5069081575 -0.5190936372 0.0005)
    (-0.5069081575 -0.5190936372 -0.0005)
    (-0.5055783719 -0.5194174575 0.0005)
    (-0.5055783719 -0.5194174575 -0.0005)
    (-0.5043007334 -0.5197301481 0.0005)
    (-0.5043007334 -0.5197301481 -0.0005)
    (-0.5031675127 -0.5200114311 0.0005)
    (-0.5031675127 -0.5200114311 -0.0005)
    (-0.5017722175 -0.5203484449 0.0005)
    (-0.5017722175 -0.5203484449 -0.0005)
    (-0.4997391671 -0.5208159455 0.0005)
    (-0.4997391671 -0.5208159455 -0.0005)
    (-0.4979537761 -0.5212170571 0.0005)
    (-0.4979537761 -0.5212170571 -0.0005)
    (-0.4965934881 -0.5215197027 0.0005)
    (-0.4965934881 -0.5215197027 -0.0005)
    (-0.4950501036 -0.5218621455 0.0005)
    (-0.4950501036 -0.5218621455 -0.0005)
    (-0.4933624738 -0.5222357534 0.0005)
    (-0.4933624738 -0.5222357534 -0.0005)
    (-0.4915694501 -0.5226318943 0.0005)
    (-0.4915694501 -0.5226318943 -0.0005)
    (-0.4897098836 -0.5230419359 0.0005)
    (-0.4897098836 -0.5230419359 -0.0005)
    (-0.4878226258 -0.5234572461 0.0005)
    (-0.4878226258 -0.5234572461 -0.0005)
    (-0.485946528 -0.5238691928 0.0005)
    (-0.485946528 -0.5238691928 -0.0005)
    (-0.4841204415 -0.5242691438 0.0005)
    (-0.4841204415 -0.5242691438 -0.0005)
    (-0.4823832176 -0.5246484668 0.0005)
    (-0.4823832176 -0.5246484668 -0.0005)
    (-0.4807737075 -0.5249985298 0.0005)
    (-0.4807737075 -0.5249985298 -0.0005)
    (-0.4793307627 -0.5253107005 0.0005)
    (-0.4793307627 -0.5253107005 -0.0005)
    (-0.4775940057 -0.5256817554 0.0005)
    (-0.4775940057 -0.5256817554 -0.0005)
    (-0.4755858128 -0.5261028334 0.0005)
    (-0.4755858128 -0.5261028334 -0.0005)
    (-0.4738686331 -0.526452702 0.0005)
    (-0.4738686331 -0.526452702 -0.0005)
    (-0.472417769 -0.5267400346 0.0005)
    (-0.472417769 -0.5267400346 -0.0005)
    (-0.4710632854 -0.5270047352 0.0005)
    (-0.4710632854 -0.5270047352 -0.0005)
    (-0.4696352467 -0.5272867079 0.0005)
    (-0.4696352467 -0.5272867079 -0.0005)
    (-0.4683242235 -0.5275482406 0.0005)
    (-0.4683242235 -0.5275482406 -0.0005)
    (-0.4672233341 -0.5277687451 0.0005)
    (-0.4672233341 -0.5277687451 -0.0005)
    (-0.4661436867 -0.5279862208 0.0005)
    (-0.4661436867 -0.5279862208 -0.0005)
    (-0.465072337 -0.5282025133 0.0005)
    (-0.465072337 -0.5282025133 -0.0005)
    (-0.463996341 -0.5284194682 0.0005)
    (-0.463996341 -0.5284194682 -0.0005)
    (-0.4629027546 -0.5286389314 0.0005)
    (-0.4629027546 -0.5286389314 -0.0005)
    (-0.4617786335 -0.5288627486 0.0005)
    (-0.4617786335 -0.5288627486 -0.0005)
    (-0.4606110335 -0.5290927653 0.0005)
    (-0.4606110335 -0.5290927653 -0.0005)
    (-0.4593870107 -0.5293308275 0.0005)
    (-0.4593870107 -0.5293308275 -0.0005)
    (-0.4581926759 -0.5295600617 0.0005)
    (-0.4581926759 -0.5295600617 -0.0005)
    (-0.4571070094 -0.5297658358 0.0005)
    (-0.4571070094 -0.5297658358 -0.0005)
    (-0.4560503438 -0.5299641043 0.0005)
    (-0.4560503438 -0.5299641043 -0.0005)
    (-0.4549593369 -0.5301672695 0.0005)
    (-0.4549593369 -0.5301672695 -0.0005)
    (-0.4538394331 -0.5303745551 0.0005)
    (-0.4538394331 -0.5303745551 -0.0005)
    (-0.4526960768 -0.5305851849 0.0005)
    (-0.4526960768 -0.5305851849 -0.0005)
    (-0.4515347122 -0.5307983824 0.0005)
    (-0.4515347122 -0.5307983824 -0.0005)
    (-0.4503607837 -0.5310133714 0.0005)
    (-0.4503607837 -0.5310133714 -0.0005)
    (-0.4491797355 -0.5312293756 0.0005)
    (-0.4491797355 -0.5312293756 -0.0005)
    (-0.4479970121 -0.5314456187 0.0005)
    (-0.4479970121 -0.5314456187 -0.0005)
    (-0.4468180577 -0.5316613244 0.0005)
    (-0.4468180577 -0.5316613244 -0.0005)
    (-0.4456483166 -0.5318757163 0.0005)
    (-0.4456483166 -0.5318757163 -0.0005)
    (-0.4444932333 -0.5320880182 0.0005)
    (-0.4444932333 -0.5320880182 -0.0005)
)
