476
(
    -96.2155
    -96.2058
    -96.1958
    -96.1855
    -96.1749
    -96.1641
    -96.153
    -96.1416
    -96.1298
    -96.1178
    -96.1054
    -96.0927
    -96.0796
    -96.0662
    -96.0525
    -96.0383
    -96.0238
    -96.0089
    -95.9936
    -95.9779
    -95.9617
    -95.9451
    -95.9281
    -95.9106
    -95.8926
    -95.8742
    -95.8552
    -95.8358
    -95.8158
    -95.7953
    -95.7742
    -95.7525
    -95.7303
    -95.7075
    -95.684
    -95.6599
    -95.6352
    -95.6098
    -95.5837
    -95.5569
    -95.5401
    -95.5686
    -95.5979
    -95.628
    -95.6589
    -95.6907
    -95.7233
    -95.7567
    -95.7911
    -95.8264
    -95.8627
    -95.8999
    -95.9382
    -95.9775
    -96.0178
    -96.0592
    -96.1018
    -96.1455
    -96.1904
    -96.2364
    -96.2838
    -96.3296
    -96.3744
    -96.4028
    -96.4416
    -96.4906
    -96.541
    -96.5927
    -96.686
    -96.7184
    -96.7517
    -96.7859
    -96.821
    -96.8571
    -96.8941
    -96.9322
    -96.9712
    -97.0113
    -97.0525
    -97.0948
    -97.1383
    -97.1829
    -97.2287
    -97.2758
    -97.1716
    -97.0221
    -96.8366
    -96.5862
    -96.3291
    -96.065
    -95.7938
    -95.5153
    -95.2293
    -94.9355
    -94.6339
    -94.324
    -94.0059
    -93.6791
    -93.3435
    -92.9989
    -92.645
    -92.2815
    -91.9082
    -91.5409
    -91.2771
    -91.0061
    -90.7278
    -90.442
    -90.1484
    -89.8612
    -89.5701
    -89.2713
    -88.9643
    -88.6491
    -88.3254
    -87.9929
    -87.6523
    -87.3058
    -86.9498
    -86.5843
    -86.2089
    -85.8234
    -85.4474
    -85.096
    -84.7351
    -84.3644
    -83.9838
    -83.5929
    -83.2137
    -82.8285
    -82.4328
    -82.0265
    -81.6092
    -81.2013
    -80.8081
    -80.4044
    -79.9897
    -79.5639
    -79.1226
    -78.6524
    -78.1694
    -77.6734
    -77.164
    -76.6409
    -76.1036
    -75.4133
    -74.689
    -73.9451
    -73.1812
    -71.8495
    -71.136
    -70.4033
    -69.6507
    -68.8779
    -68.0842
    -67.2691
    -66.4322
    -65.6079
    -64.7614
    -63.892
    -63.0386
    -62.2123
    -61.3637
    -60.4921
    -59.5602
    -58.6013
    -57.6166
    -56.6053
    -55.6702
    -54.7126
    -53.7292
    -52.814
    -51.8852
    -50.9314
    -49.9008
    -48.8339
    -47.7952
    -46.7504
    -45.6775
    -44.7114
    -43.7251
    -42.695
    -41.5862
    -40.5003
    -39.385
    -38.3472
    -37.3414
    -36.2986
    -35.2014
    -34.0865
    -33.0221
    -32.0349
    -31.021
    -29.9204
    -28.7957
    -27.8359
    -26.8586
    -25.7932
    -24.7298
    -23.8009
    -96.2155
    -96.2058
    -96.1958
    -96.1855
    -96.1749
    -96.1641
    -96.153
    -96.1416
    -96.1298
    -96.1178
    -96.1054
    -96.0927
    -96.0796
    -96.0662
    -96.0525
    -96.0383
    -96.0238
    -96.0089
    -95.9936
    -95.9779
    -95.9617
    -95.9451
    -95.9281
    -95.9106
    -95.8926
    -95.8742
    -95.8552
    -95.8358
    -95.8158
    -95.7953
    -95.7742
    -95.7525
    -95.7303
    -95.7075
    -95.684
    -95.6599
    -95.6352
    -95.6098
    -95.5837
    -95.5569
    -95.5401
    -95.5686
    -95.5979
    -95.628
    -95.6589
    -95.6907
    -95.7233
    -95.7567
    -95.7911
    -95.8264
    -95.8627
    -95.8999
    -95.9382
    -95.9775
    -96.0178
    -96.0592
    -96.1018
    -96.1455
    -96.1904
    -96.2364
    -96.2838
    -96.3296
    -96.3744
    -96.4028
    -96.4416
    -96.4906
    -96.541
    -96.5927
    -96.686
    -96.7184
    -96.7517
    -96.7859
    -96.821
    -96.8571
    -96.8941
    -96.9322
    -96.9712
    -97.0113
    -97.0525
    -97.0948
    -97.1383
    -97.1829
    -97.2287
    -97.2758
    -97.1716
    -97.0221
    -96.8366
    -96.5862
    -96.3291
    -96.065
    -95.7938
    -95.5153
    -95.2293
    -94.9355
    -94.6339
    -94.324
    -94.0059
    -93.6791
    -93.3435
    -92.9989
    -92.645
    -92.2815
    -91.9082
    -91.5409
    -91.2771
    -91.0061
    -90.7278
    -90.442
    -90.1484
    -89.8612
    -89.5701
    -89.2713
    -88.9643
    -88.6491
    -88.3254
    -87.9929
    -87.6523
    -87.3058
    -86.9498
    -86.5843
    -86.2089
    -85.8234
    -85.4474
    -85.096
    -84.7351
    -84.3644
    -83.9838
    -83.5929
    -83.2137
    -82.8285
    -82.4328
    -82.0265
    -81.6092
    -81.2013
    -80.8081
    -80.4044
    -79.9897
    -79.5639
    -79.1226
    -78.6524
    -78.1694
    -77.6734
    -77.164
    -76.6409
    -76.1036
    -75.4133
    -74.689
    -73.9451
    -73.1812
    -71.8495
    -71.136
    -70.4033
    -69.6507
    -68.8779
    -68.0842
    -67.2691
    -66.4322
    -65.6079
    -64.7614
    -63.892
    -63.0386
    -62.2123
    -61.3637
    -60.4921
    -59.5602
    -58.6013
    -57.6166
    -56.6053
    -55.6702
    -54.7126
    -53.7292
    -52.814
    -51.8852
    -50.9314
    -49.9008
    -48.8339
    -47.7952
    -46.7504
    -45.6775
    -44.7114
    -43.7251
    -42.695
    -41.5862
    -40.5003
    -39.385
    -38.3472
    -37.3414
    -36.2986
    -35.2014
    -34.0865
    -33.0221
    -32.0349
    -31.021
    -29.9204
    -28.7957
    -27.8359
    -26.8586
    -25.7932
    -24.7298
    -23.8009
    -22.8562
    -21.8286
    -20.9705
    -20.1463
    -19.2568
    -18.4526
    -17.7211
    -16.9502
    -16.2109
    -15.5576
    -14.8787
    -14.2159
    -13.628
    -13.0185
    -12.4389
    -11.9041
    -11.3454
    -10.8475
    -10.3624
    -9.85884
    -9.42307
    -8.98153
    -8.54949
    -8.14619
    -7.73665
    -7.36926
    -6.9997
    -6.64806
    -6.3084
    -5.97948
    -5.66606
    -5.35911
    -5.06903
    -4.7847
    -4.51611
    -4.25155
    -4.00437
    -3.7608
    -22.8562
    -21.8286
    -20.9705
    -20.1463
    -19.2568
    -18.4526
    -17.7211
    -16.9502
    -16.2109
    -15.5576
    -14.8787
    -14.2159
    -13.628
    -13.0185
    -12.4389
    -11.9041
    -11.3454
    -10.8475
    -10.3624
    -9.85884
    -9.42307
    -8.98153
    -8.54949
    -8.14619
    -7.73665
    -7.36926
    -6.9997
    -6.64806
    -6.3084
    -5.97948
    -5.66606
    -5.35911
    -5.06903
    -4.7847
    -4.51611
    -4.25155
    -4.00437
    -3.7608
)
